state_fips,chamber,sld_code,county_fips,block_count
01,L,001,01077,2870
01,L,002,01077,2678
01,L,002,01083,1756
01,L,003,01033,3210
01,L,003,01077,1340
01,L,004,01083,1206
01,L,004,01089,364
01,L,004,01103,2438
01,L,005,01083,3274
01,L,006,01083,754
01,L,006,01089,848
01,L,007,01033,818
01,L,007,01079,4034
01,L,007,01103,554
01,L,008,01103,2242
01,L,009,01103,4378
01,L,010,01089,2358
01,L,011,01009,1270
01,L,011,01043,3078
01,L,012,01043,3910
01,L,013,01127,4280
01,L,014,01043,656
01,L,014,01073,356
01,L,014,01127,2388
01,L,014,01133,2056
01,L,015,01073,1378
01,L,015,01117,278
01,L,016,01057,2490
01,L,016,01073,1512
01,L,016,01125,1986
01,L,017,01075,2356
01,L,017,01093,4926
01,L,017,01133,644
01,L,018,01033,1826
01,L,018,01059,3708
01,L,019,01089,1812
01,L,020,01089,2158
01,L,021,01089,2532
01,L,022,01071,478
01,L,022,01089,3024
01,L,023,01071,5894
01,L,024,01049,5246
01,L,025,01083,146
01,L,025,01089,1498
01,L,026,01095,3158
01,L,027,01095,4392
01,L,028,01055,4264
01,L,029,01015,2272
01,L,029,01055,2112
01,L,030,01055,1996
01,L,030,01115,1326
01,L,031,01051,3154
01,L,032,01015,2688
01,L,032,01121,1890
01,L,033,01037,1872
01,L,033,01121,3770
01,L,034,01009,3538
01,L,035,01015,852
01,L,035,01027,2432
01,L,035,01121,1812
01,L,036,01015,1808
01,L,036,01115,1312
01,L,036,01121,336
01,L,037,01017,1524
01,L,037,01081,818
01,L,037,01111,2838
01,L,038,01017,1910
01,L,038,01081,1058
01,L,039,01019,3130
01,L,039,01049,2026
01,L,040,01015,2126
01,L,040,01029,2188
01,L,041,01117,4762
01,L,042,01001,748
01,L,042,01021,3210
01,L,043,01117,2112
01,L,044,01073,3148
01,L,045,01073,1562
01,L,045,01115,198
01,L,045,01117,1302
01,L,046,01073,1902
01,L,047,01073,1658
01,L,048,01073,1620
01,L,048,01117,290
01,L,049,01007,1444
01,L,049,01021,288
01,L,049,01117,1802
01,L,050,01115,2494
01,L,051,01073,2740
01,L,052,01073,3264
01,L,053,01089,2300
01,L,054,01073,4278
01,L,055,01073,5116
01,L,056,01073,3898
01,L,057,01073,3910
01,L,058,01073,2326
01,L,059,01073,4508
01,L,060,01073,5762
01,L,061,01107,1544
01,L,061,01125,1498
01,L,062,01125,3334
01,L,063,01125,1858
01,L,064,01003,2862
01,L,065,01003,812
01,L,065,01023,1704
01,L,065,01025,1216
01,L,065,01129,2050
01,L,066,01003,1074
01,L,066,01053,3830
01,L,067,01047,4016
01,L,067,01105,1320
01,L,068,01025,1348
01,L,068,01035,1012
01,L,068,01091,1048
01,L,068,01099,2316
01,L,068,01105,152
01,L,068,01131,350
01,L,069,01001,1554
01,L,069,01085,1306
01,L,069,01101,354
01,L,069,01131,1146
01,L,070,01125,1980
01,L,071,01091,1650
01,L,071,01107,684
01,L,071,01119,1832
01,L,071,01125,1452
01,L,072,01007,736
01,L,072,01063,1712
01,L,072,01065,1748
01,L,072,01125,1026
01,L,073,01117,1834
01,L,074,01101,1270
01,L,075,01051,688
01,L,075,01101,1530
01,L,076,01101,1170
01,L,077,01101,2694
01,L,078,01101,1936
01,L,079,01081,1172
01,L,080,01081,1046
01,L,080,01113,1054
01,L,081,01081,304
01,L,081,01123,4256
01,L,082,01081,930
01,L,082,01087,2644
01,L,083,01081,1154
01,L,083,01113,1366
01,L,084,01005,2566
01,L,084,01011,1146
01,L,084,01113,1122
01,L,085,01067,2224
01,L,085,01069,2042
01,L,086,01069,3794
01,L,087,01061,3916
01,L,087,01069,944
01,L,088,01001,722
01,L,088,01051,1132
01,L,089,01045,1114
01,L,089,01109,2868
01,L,090,01013,2476
01,L,090,01031,422
01,L,090,01035,900
01,L,090,01041,1852
01,L,090,01101,632
01,L,091,01031,2856
01,L,092,01031,496
01,L,092,01039,5074
01,L,092,01053,800
01,L,093,01045,2828
01,L,093,01069,444
01,L,094,01003,2126
01,L,095,01003,2918
01,L,096,01003,2040
01,L,097,01097,3690
01,L,098,01097,3146
01,L,099,01097,2138
01,L,100,01097,832
01,L,101,01097,1312
01,L,102,01003,842
01,L,102,01097,3314
01,L,103,01097,1678
01,L,104,01097,1148
01,L,105,01097,2574
01,U,001,01077,6888
01,U,001,01083,3508
01,U,002,01083,598
01,U,002,01089,4170
01,U,003,01083,1500
01,U,003,01089,744
01,U,003,01103,9612
01,U,004,01043,7644
01,U,004,01093,4926
01,U,004,01133,2700
01,U,005,01057,2490
01,U,005,01073,1612
01,U,005,01075,2356
01,U,005,01125,2346
01,U,005,01127,6668
01,U,006,01033,5854
01,U,006,01059,3708
01,U,006,01079,4034
01,U,006,01083,1530
01,U,007,01089,7190
01,U,008,01049,5246
01,U,008,01071,6372
01,U,008,01089,2014
01,U,009,01009,1122
01,U,009,01089,2776
01,U,009,01095,7550
01,U,010,01019,3130
01,U,010,01049,2026
01,U,010,01055,8372
01,U,011,01115,4126
01,U,011,01117,2118
01,U,011,01121,4330
01,U,012,01015,9746
01,U,012,01121,3478
01,U,013,01017,3434
01,U,013,01027,2432
01,U,013,01029,2188
01,U,013,01081,2580
01,U,013,01111,2838
01,U,014,01007,2180
01,U,014,01021,1840
01,U,014,01117,4002
01,U,015,01073,4142
01,U,015,01117,4436
01,U,016,01073,3514
01,U,016,01117,1824
01,U,017,01009,3686
01,U,017,01073,4290
01,U,017,01115,1204
01,U,018,01073,11540
01,U,019,01073,13596
01,U,020,01073,10244
01,U,021,01107,2228
01,U,021,01125,7026
01,U,022,01003,4942
01,U,022,01053,4630
01,U,022,01097,1248
01,U,022,01129,2050
01,U,023,01013,2476
01,U,023,01025,2564
01,U,023,01035,1912
01,U,023,01047,4016
01,U,023,01085,1306
01,U,023,01099,2316
01,U,023,01105,1472
01,U,023,01131,1496
01,U,024,01023,1704
01,U,024,01063,1712
01,U,024,01065,1748
01,U,024,01091,2698
01,U,024,01119,1832
01,U,024,01125,3762
01,U,025,01041,1852
01,U,025,01051,3172
01,U,025,01101,3224
01,U,026,01101,6362
01,U,027,01081,3902
01,U,027,01113,712
01,U,027,01123,3100
01,U,028,01005,2566
01,U,028,01011,1146
01,U,028,01067,2224
01,U,028,01069,2112
01,U,028,01087,2644
01,U,028,01113,2830
01,U,029,01045,2694
01,U,029,01061,3916
01,U,029,01069,5112
01,U,030,01001,3024
01,U,030,01021,1658
01,U,030,01037,1872
01,U,030,01051,1802
01,U,030,01123,1156
01,U,031,01031,3774
01,U,031,01039,5074
01,U,031,01045,1248
01,U,031,01109,2868
01,U,032,01003,7096
01,U,033,01003,636
01,U,033,01097,7064
01,U,034,01097,7092
01,U,035,01097,4428
02,L,001,02130,1264
02,L,001,02198,444
02,L,001,02275,626
02,L,002,02105,1088
02,L,002,02195,562
02,L,002,02198,2854
02,L,002,02220,1430
02,L,002,02282,464
02,L,003,02100,426
02,L,003,02105,192
02,L,003,02110,428
02,L,003,02230,224
02,L,004,02110,748
02,L,005,02063,1516
02,L,005,02122,964
02,L,005,02150,1710
02,L,006,02122,1270
02,L,007,02122,964
02,L,008,02122,1674
02,L,009,02020,688
02,L,009,02063,40
02,L,010,02020,386
02,L,011,02020,296
02,L,012,02020,324
02,L,013,02020,488
02,L,014,02020,690
02,L,015,02020,282
02,L,016,02020,422
02,L,017,02020,726
02,L,018,02020,852
02,L,019,02020,378
02,L,020,02020,362
02,L,021,02020,296
02,L,022,02020,256
02,L,023,02020,438
02,L,024,02020,534
02,L,025,02170,650
02,L,026,02170,556
02,L,027,02170,658
02,L,028,02170,514
02,L,029,02063,612
02,L,029,02066,34
02,L,029,02170,872
02,L,030,02068,560
02,L,030,02170,1818
02,L,031,02090,1174
02,L,032,02090,832
02,L,033,02090,1112
02,L,034,02090,1208
02,L,035,02090,1072
02,L,036,02066,864
02,L,036,02090,336
02,L,036,02240,1424
02,L,036,02290,2998
02,L,037,02013,1220
02,L,037,02016,1306
02,L,037,02050,518
02,L,037,02060,184
02,L,037,02070,628
02,L,037,02122,528
02,L,037,02150,244
02,L,037,02158,18
02,L,037,02164,1276
02,L,038,02050,1666
02,L,038,02158,282
02,L,039,02158,984
02,L,039,02180,1696
02,L,040,02185,1822
02,L,040,02188,1164
02,U,00A,02105,1088
02,U,00A,02130,1264
02,U,00A,02195,562
02,U,00A,02198,3298
02,U,00A,02220,1430
02,U,00A,02275,626
02,U,00A,02282,464
02,U,00B,02100,426
02,U,00B,02105,192
02,U,00B,02110,1176
02,U,00B,02230,224
02,U,00C,02063,1516
02,U,00C,02122,2234
02,U,00C,02150,1710
02,U,00D,02122,2638
02,U,00E,02020,1074
02,U,00E,02063,40
02,U,00F,02020,620
02,U,00G,02020,1178
02,U,00H,02020,704
02,U,00I,02020,1578
02,U,00J,02020,740
02,U,00K,02020,552
02,U,00L,02020,972
02,U,00M,02170,1206
02,U,00N,02170,1172
02,U,00O,02063,612
02,U,00O,02066,34
02,U,00O,02068,560
02,U,00O,02170,2690
02,U,00P,02090,2006
02,U,00Q,02090,2320
02,U,00R,02066,864
02,U,00R,02090,1408
02,U,00R,02240,1424
02,U,00R,02290,2998
02,U,00S,02013,1220
02,U,00S,02016,1306
02,U,00S,02050,2184
02,U,00S,02060,184
02,U,00S,02070,628
02,U,00S,02122,528
02,U,00S,02150,244
02,U,00S,02158,300
02,U,00S,02164,1276
02,U,00T,02158,984
02,U,00T,02180,1696
02,U,00T,02185,1822
02,U,00T,02188,1164
04,L,001,04005,214
04,L,001,04025,14960
04,L,002,04013,5568
04,L,003,04013,9640
04,L,004,04013,7356
04,L,005,04013,5738
04,L,006,04001,15776
04,L,006,04005,13078
04,L,006,04007,882
04,L,006,04009,596
04,L,006,04015,470
04,L,006,04017,10002
04,L,006,04021,44
04,L,007,04005,4978
04,L,007,04007,3990
04,L,007,04013,12
04,L,007,04017,6386
04,L,007,04021,6214
04,L,008,04013,5724
04,L,009,04013,5236
04,L,010,04013,7686
04,L,010,04021,526
04,L,011,04013,7086
04,L,012,04013,5462
04,L,013,04013,5726
04,L,014,04013,5908
04,L,015,04013,4074
04,L,015,04021,2794
04,L,016,04013,210
04,L,016,04019,1454
04,L,016,04021,14978
04,L,017,04019,6362
04,L,017,04021,776
04,L,018,04019,5642
04,L,019,04003,11486
04,L,019,04009,3148
04,L,019,04011,1290
04,L,019,04019,2710
04,L,019,04023,414
04,L,020,04019,7270
04,L,021,04003,984
04,L,021,04019,6136
04,L,021,04023,2424
04,L,022,04013,5084
04,L,023,04013,3440
04,L,023,04019,3696
04,L,023,04021,286
04,L,023,04027,5120
04,L,024,04013,4302
04,L,025,04013,8200
04,L,025,04027,7164
04,L,026,04013,4222
04,L,027,04013,5556
04,L,028,04013,7568
04,L,029,04013,7766
04,L,030,04012,4632
04,L,030,04013,1290
04,L,030,04015,21102
04,L,030,04025,50
04,U,001,04005,214
04,U,001,04025,14960
04,U,002,04013,5568
04,U,003,04013,9640
04,U,004,04013,7356
04,U,005,04013,5738
04,U,006,04001,15776
04,U,006,04005,13078
04,U,006,04007,882
04,U,006,04009,596
04,U,006,04015,470
04,U,006,04017,10002
04,U,006,04021,44
04,U,007,04005,4978
04,U,007,04007,3990
04,U,007,04013,12
04,U,007,04017,6386
04,U,007,04021,6214
04,U,008,04013,5724
04,U,009,04013,5236
04,U,010,04013,7686
04,U,010,04021,526
04,U,011,04013,7086
04,U,012,04013,5462
04,U,013,04013,5726
04,U,014,04013,5908
04,U,015,04013,4074
04,U,015,04021,2794
04,U,016,04013,210
04,U,016,04019,1454
04,U,016,04021,14978
04,U,017,04019,6362
04,U,017,04021,776
04,U,018,04019,5642
04,U,019,04003,11486
04,U,019,04009,3148
04,U,019,04011,1290
04,U,019,04019,2710
04,U,019,04023,414
04,U,020,04019,7270
04,U,021,04003,984
04,U,021,04019,6136
04,U,021,04023,2424
04,U,022,04013,5084
04,U,023,04013,3440
04,U,023,04019,3696
04,U,023,04021,286
04,U,023,04027,5120
04,U,024,04013,4302
04,U,025,04013,8200
04,U,025,04027,7164
04,U,026,04013,4222
04,U,027,04013,5556
04,U,028,04013,7568
04,U,029,04013,7766
04,U,030,04012,4632
04,U,030,04013,1290
04,U,030,04015,21102
04,U,030,04025,50
05,L,001,05021,3176
05,L,001,05055,1594
05,L,001,05121,1086
05,L,002,05049,1936
05,L,002,05121,1280
05,L,002,05135,1718
05,L,003,05005,2212
05,L,003,05049,552
05,L,004,05005,1708
05,L,004,05089,2746
05,L,005,05009,2968
05,L,006,05009,1112
05,L,006,05015,2262
05,L,007,05007,1414
05,L,008,05007,1160
05,L,009,05143,524
05,L,010,05007,1216
05,L,011,05007,434
05,L,011,05143,468
05,L,012,05007,1848
05,L,013,05007,944
05,L,014,05007,1116
05,L,015,05007,676
05,L,016,05007,1244
05,L,017,05007,1802
05,L,018,05007,30
05,L,018,05143,1102
05,L,019,05143,1014
05,L,020,05143,916
05,L,021,05143,1036
05,L,022,05143,866
05,L,023,05143,2426
05,L,024,05033,1986
05,L,024,05143,432
05,L,025,05033,924
05,L,025,05047,286
05,L,025,05143,1552
05,L,026,05015,772
05,L,026,05047,1496
05,L,026,05087,1650
05,L,027,05005,66
05,L,027,05065,3058
05,L,027,05101,1844
05,L,027,05129,1904
05,L,027,05137,442
05,L,028,05063,1252
05,L,028,05075,1952
05,L,028,05135,1272
05,L,028,05137,252
05,L,029,05059,2578
05,L,029,05125,396
05,L,030,05031,766
05,L,030,05055,358
05,L,030,05075,1128
05,L,031,05055,1636
05,L,032,05031,1346
05,L,033,05031,2246
05,L,033,05093,2046
05,L,033,05111,2
05,L,034,05093,3398
05,L,035,05035,2942
05,L,035,05037,276
05,L,035,05123,4
05,L,036,05031,1004
05,L,036,05111,1012
05,L,037,05037,2070
05,L,037,05111,1070
05,L,037,05123,1202
05,L,038,05031,1046
05,L,038,05067,592
05,L,038,05111,1338
05,L,039,05063,528
05,L,039,05067,1908
05,L,039,05145,1532
05,L,040,05023,138
05,L,040,05063,1874
05,L,040,05145,444
05,L,041,05023,2428
05,L,041,05137,860
05,L,042,05023,122
05,L,042,05045,1330
05,L,042,05141,1148
05,L,043,05029,2574
05,L,043,05141,1584
05,L,044,05115,2424
05,L,044,05141,192
05,L,045,05071,2960
05,L,045,05115,666
05,L,046,05047,972
05,L,046,05071,130
05,L,046,05083,2804
05,L,046,05131,122
05,L,047,05131,2478
05,L,048,05033,1304
05,L,048,05131,130
05,L,049,05131,1828
05,L,050,05131,1560
05,L,051,05131,1314
05,L,052,05127,2170
05,L,052,05131,682
05,L,052,05149,2328
05,L,053,05115,1740
05,L,054,05045,526
05,L,054,05105,1868
05,L,054,05115,18
05,L,054,05125,534
05,L,054,05149,712
05,L,055,05045,916
05,L,056,05045,1326
05,L,057,05045,1008
05,L,057,05085,64
05,L,057,05145,886
05,L,058,05145,1562
05,L,059,05085,616
05,L,059,05145,1062
05,L,060,05085,2990
05,L,060,05117,1494
05,L,061,05001,3044
05,L,061,05067,618
05,L,061,05095,1174
05,L,061,05117,706
05,L,061,05147,1676
05,L,062,05001,706
05,L,062,05041,846
05,L,062,05077,1582
05,L,062,05095,668
05,L,062,05107,2814
05,L,062,05123,162
05,L,063,05035,1272
05,L,063,05123,1620
05,L,064,05041,516
05,L,064,05069,1670
05,L,064,05079,718
05,L,065,05001,168
05,L,065,05069,4464
05,L,065,05079,10
05,L,065,05085,2
05,L,066,05119,1568
05,L,067,05119,914
05,L,068,05085,868
05,L,069,05045,680
05,L,069,05119,762
05,L,070,05119,1108
05,L,071,05119,912
05,L,072,05119,2672
05,L,073,05119,1084
05,L,074,05119,1818
05,L,075,05119,716
05,L,076,05119,2462
05,L,077,05119,982
05,L,078,05119,664
05,L,078,05125,312
05,L,079,05119,736
05,L,080,05119,2688
05,L,081,05125,1012
05,L,082,05125,1676
05,L,083,05125,1520
05,L,084,05051,2694
05,L,085,05051,2950
05,L,086,05061,1492
05,L,086,05097,2082
05,L,086,05113,3672
05,L,087,05061,358
05,L,087,05081,2538
05,L,087,05133,2366
05,L,088,05057,3280
05,L,088,05061,1338
05,L,088,05091,352
05,L,089,05019,2312
05,L,089,05051,70
05,L,089,05059,156
05,L,089,05099,1930
05,L,089,05109,2916
05,L,090,05019,958
05,L,090,05051,488
05,L,090,05059,1080
05,L,091,05051,1618
05,L,092,05053,2274
05,L,092,05125,462
05,L,093,05025,322
05,L,093,05043,78
05,L,093,05069,1444
05,L,093,05079,832
05,L,094,05011,1160
05,L,094,05041,828
05,L,094,05043,2364
05,L,095,05003,2962
05,L,095,05017,1978
05,L,096,05011,706
05,L,096,05013,1646
05,L,096,05025,870
05,L,096,05039,2150
05,L,096,05103,872
05,L,096,05139,1618
05,L,097,05139,2976
05,L,098,05027,1104
05,L,098,05073,940
05,L,098,05099,220
05,L,098,05103,2346
05,L,099,05027,1668
05,L,099,05073,1028
05,L,099,05091,1484
05,L,100,05091,2234
05,U,001,05003,2962
05,U,001,05011,1866
05,U,001,05017,1978
05,U,001,05025,1192
05,U,001,05043,2282
05,U,001,05053,284
05,U,001,05069,400
05,U,001,05079,648
05,U,002,05013,1646
05,U,002,05039,2150
05,U,002,05053,1512
05,U,002,05103,3218
05,U,002,05139,4594
05,U,003,05019,3270
05,U,003,05027,2772
05,U,003,05057,2440
05,U,003,05059,358
05,U,003,05073,1968
05,U,003,05099,2150
05,U,003,05109,1452
05,U,004,05057,840
05,U,004,05061,3188
05,U,004,05081,2538
05,U,004,05091,4070
05,U,004,05133,2366
05,U,005,05029,164
05,U,005,05083,350
05,U,005,05097,2082
05,U,005,05105,1868
05,U,005,05109,1464
05,U,005,05113,3672
05,U,005,05115,18
05,U,005,05127,2170
05,U,005,05131,1612
05,U,005,05149,2738
05,U,006,05051,6434
05,U,006,05059,2
05,U,006,05125,1070
05,U,007,05051,1386
05,U,007,05053,478
05,U,007,05059,3454
05,U,007,05125,1778
05,U,008,05001,1576
05,U,008,05041,2190
05,U,008,05043,160
05,U,008,05069,7178
05,U,008,05079,912
05,U,008,05085,1088
05,U,008,05119,262
05,U,009,05035,4214
05,U,009,05077,962
05,U,009,05107,2814
05,U,009,05123,1664
05,U,010,05001,2342
05,U,010,05037,2346
05,U,010,05067,3118
05,U,010,05077,620
05,U,010,05085,786
05,U,010,05095,1842
05,U,010,05111,382
05,U,010,05117,2200
05,U,010,05123,1324
05,U,010,05145,2
05,U,010,05147,1676
05,U,011,05085,2666
05,U,011,05119,942
05,U,012,05119,7388
05,U,013,05119,2820
05,U,014,05119,3418
05,U,015,05119,3458
05,U,016,05119,186
05,U,016,05125,3064
05,U,017,05045,3040
05,U,017,05119,612
05,U,018,05023,834
05,U,018,05045,178
05,U,018,05145,5484
05,U,019,05031,3198
05,U,019,05093,5444
05,U,019,05111,3040
05,U,020,05031,3210
05,U,021,05021,3176
05,U,021,05055,3588
05,U,021,05075,1134
05,U,021,05121,2366
05,U,022,05023,1364
05,U,022,05049,720
05,U,022,05063,3654
05,U,022,05065,1374
05,U,022,05075,1946
05,U,022,05135,2990
05,U,023,05005,3986
05,U,023,05009,1362
05,U,023,05049,1768
05,U,023,05065,1684
05,U,023,05089,2746
05,U,024,05023,490
05,U,024,05045,2568
05,U,024,05101,590
05,U,024,05129,1904
05,U,024,05137,1554
05,U,024,05141,2924
05,U,025,05029,2410
05,U,025,05115,4830
05,U,025,05149,302
05,U,026,05047,2030
05,U,026,05071,2358
05,U,026,05083,2454
05,U,026,05131,1938
05,U,027,05131,4564
05,U,028,05009,2718
05,U,028,05015,3034
05,U,028,05047,724
05,U,028,05071,732
05,U,028,05087,1650
05,U,028,05101,1254
05,U,029,05033,4214
05,U,029,05143,2240
05,U,030,05143,2740
05,U,031,05143,2258
05,U,032,05007,3078
05,U,032,05143,348
05,U,033,05007,3266
05,U,034,05007,3158
05,U,035,05007,2382
05,U,035,05143,2750
06,L,001,06003,404
06,L,001,06005,1954
06,L,001,06017,4436
06,L,001,06035,5168
06,L,001,06049,5430
06,L,001,06057,5666
06,L,001,06061,3102
06,L,001,06063,4376
06,L,001,06089,12806
06,L,001,06091,1802
06,L,001,06093,11436
06,L,002,06015,2774
06,L,002,06023,14276
06,L,002,06045,8498
06,L,002,06097,8522
06,L,002,06105,3404
06,L,003,06007,9866
06,L,003,06021,3536
06,L,003,06061,564
06,L,003,06101,4514
06,L,003,06103,6414
06,L,003,06115,3738
06,L,004,06011,3224
06,L,004,06033,5810
06,L,004,06055,4062
06,L,004,06097,804
06,L,004,06113,6132
06,L,005,06017,4524
06,L,005,06061,9344
06,L,006,06067,14080
06,L,007,06067,10336
06,L,008,06009,2914
06,L,008,06019,9368
06,L,008,06027,4896
06,L,008,06039,3442
06,L,008,06043,2206
06,L,008,06051,2804
06,L,008,06109,5590
06,L,009,06005,408
06,L,009,06009,812
06,L,009,06067,2592
06,L,009,06077,10264
06,L,009,06099,3762
06,L,010,06067,9952
06,L,011,06013,1492
06,L,011,06067,84
06,L,011,06095,13818
06,L,012,06041,6528
06,L,012,06075,2
06,L,012,06097,5800
06,L,013,06077,12242
06,L,014,06001,5034
06,L,014,06013,6058
06,L,015,06013,10770
06,L,016,06001,5582
06,L,016,06013,5224
06,L,017,06075,6984
06,L,018,06001,11138
06,L,018,06075,2
06,L,019,06075,4984
06,L,019,06081,2016
06,L,020,06001,9742
06,L,021,06081,10136
06,L,022,06047,1742
06,L,022,06099,12150
06,L,023,06081,3912
06,L,023,06085,7942
06,L,024,06001,5454
06,L,024,06085,3016
06,L,025,06085,7722
06,L,026,06085,8162
06,L,027,06019,8124
06,L,027,06039,4284
06,L,027,06047,9378
06,L,028,06085,7788
06,L,028,06087,4002
06,L,029,06053,6416
06,L,029,06069,2792
06,L,029,06085,1726
06,L,029,06087,1336
06,L,030,06053,7742
06,L,030,06079,15230
06,L,030,06087,1802
06,L,031,06019,14836
06,L,032,06029,19192
06,L,032,06107,6720
06,L,033,06019,1380
06,L,033,06031,7576
06,L,033,06107,14228
06,L,034,06029,9094
06,L,034,06037,7654
06,L,034,06071,28624
06,L,035,06029,14444
06,L,036,06025,13140
06,L,036,06065,11048
06,L,036,06071,1748
06,L,037,06079,1042
06,L,037,06083,14516
06,L,038,06111,13342
06,L,039,06037,9158
06,L,039,06071,6948
06,L,040,06037,8464
06,L,041,06037,9702
06,L,041,06071,6252
06,L,042,06037,3790
06,L,042,06111,7576
06,L,043,06037,6122
06,L,044,06037,9972
06,L,045,06071,9334
06,L,046,06037,6770
06,L,046,06111,40
06,L,047,06065,15166
06,L,047,06071,4528
06,L,048,06037,8510
06,L,049,06037,8044
06,L,050,06071,7620
06,L,051,06037,9364
06,L,052,06037,8060
06,L,053,06037,2462
06,L,053,06071,5118
06,L,054,06037,6780
06,L,055,06037,7914
06,L,056,06037,9290
06,L,057,06037,6692
06,L,058,06065,8542
06,L,058,06071,248
06,L,059,06059,7216
06,L,059,06071,1258
06,L,060,06065,8420
06,L,061,06037,8734
06,L,062,06037,7144
06,L,063,06065,9994
06,L,064,06037,7620
06,L,064,06059,974
06,L,065,06037,9292
06,L,066,06037,10688
06,L,067,06037,1128
06,L,067,06059,5582
06,L,068,06059,6928
06,L,069,06037,9898
06,L,070,06059,7192
06,L,071,06059,3382
06,L,071,06065,5118
06,L,072,06059,10722
06,L,073,06059,7706
06,L,074,06059,3766
06,L,074,06073,4976
06,L,075,06073,11752
06,L,076,06073,6828
06,L,077,06073,10456
06,L,078,06073,8668
06,L,079,06073,6910
06,L,080,06073,7676
06,U,001,06007,9866
06,U,001,06011,3224
06,U,001,06021,3536
06,U,001,06035,5168
06,U,001,06049,5430
06,U,001,06057,4494
06,U,001,06061,2858
06,U,001,06063,4376
06,U,001,06089,12806
06,U,001,06091,1802
06,U,001,06093,11436
06,U,001,06101,4514
06,U,001,06103,6414
06,U,001,06115,3738
06,U,002,06015,2774
06,U,002,06023,14276
06,U,002,06033,5810
06,U,002,06041,6528
06,U,002,06045,8498
06,U,002,06075,2
06,U,002,06097,12768
06,U,002,06105,3404
06,U,003,06013,2998
06,U,003,06055,4062
06,U,003,06067,712
06,U,003,06095,13818
06,U,003,06097,2358
06,U,003,06113,6132
06,U,004,06003,404
06,U,004,06005,2362
06,U,004,06009,3726
06,U,004,06017,8960
06,U,004,06027,4896
06,U,004,06039,3100
06,U,004,06043,2206
06,U,004,06047,1582
06,U,004,06051,2804
06,U,004,06057,1172
06,U,004,06061,1658
06,U,004,06099,15912
06,U,004,06109,5590
06,U,005,06001,6720
06,U,005,06077,22506
06,U,006,06061,8494
06,U,006,06067,13660
06,U,007,06001,16136
06,U,007,06013,6018
06,U,007,06075,2
06,U,008,06067,22672
06,U,009,06001,4274
06,U,009,06013,14528
06,U,010,06001,9820
06,U,010,06085,8492
06,U,011,06075,11968
06,U,011,06081,2006
06,U,012,06019,10124
06,U,012,06029,29094
06,U,012,06107,7398
06,U,013,06081,14058
06,U,013,06085,9338
06,U,014,06019,22946
06,U,014,06039,4626
06,U,014,06047,9538
06,U,014,06107,2
06,U,015,06085,18526
06,U,016,06019,638
06,U,016,06029,13636
06,U,016,06031,7576
06,U,016,06107,13548
06,U,017,06053,14158
06,U,017,06069,2792
06,U,017,06079,12770
06,U,017,06087,7140
06,U,018,06025,13140
06,U,018,06065,7148
06,U,018,06071,1744
06,U,018,06073,9902
06,U,019,06065,17636
06,U,019,06071,32418
06,U,020,06037,13582
06,U,021,06079,3502
06,U,021,06083,14516
06,U,021,06111,14534
06,U,022,06037,12342
06,U,022,06071,5056
06,U,023,06037,21258
06,U,023,06071,13924
06,U,024,06037,22826
06,U,025,06037,19874
06,U,025,06071,1158
06,U,026,06037,13234
06,U,027,06037,10630
06,U,027,06111,6424
06,U,028,06037,14764
06,U,029,06071,16106
06,U,030,06037,17066
06,U,030,06059,1054
06,U,031,06065,16194
06,U,031,06071,206
06,U,032,06059,1320
06,U,032,06065,17310
06,U,032,06071,1066
06,U,032,06073,1814
06,U,033,06037,18796
06,U,034,06037,976
06,U,034,06059,11768
06,U,035,06037,16776
06,U,036,06037,1128
06,U,036,06059,18424
06,U,037,06059,16646
06,U,038,06059,4256
06,U,038,06073,12880
06,U,039,06073,17258
06,U,040,06073,15412
08,L,001,08031,2146
08,L,001,08059,6
08,L,002,08031,2842
08,L,003,08005,1882
08,L,003,08031,578
08,L,004,08031,2728
08,L,005,08031,2900
08,L,006,08031,1868
08,L,007,08031,2282
08,L,008,08031,3408
08,L,009,08005,408
08,L,009,08031,1546
08,L,010,08013,2420
08,L,011,08013,2750
08,L,012,08013,3082
08,L,012,08014,32
08,L,013,08015,2352
08,L,013,08049,2702
08,L,013,08057,1216
08,L,013,08065,1026
08,L,013,08093,3520
08,L,013,08117,2092
08,L,014,08041,2220
08,L,015,08041,2352
08,L,016,08041,3780
08,L,017,08041,2548
08,L,018,08041,3774
08,L,018,08119,6
08,L,019,08013,930
08,L,019,08123,2780
08,L,020,08041,2954
08,L,021,08041,2764
08,L,022,08041,2032
08,L,023,08059,2632
08,L,024,08001,100
08,L,024,08059,2758
08,L,025,08059,2910
08,L,026,08037,3376
08,L,026,08081,2638
08,L,026,08103,2018
08,L,026,08107,2560
08,L,027,08059,3040
08,L,028,08059,1904
08,L,029,08001,1064
08,L,029,08059,1120
08,L,030,08059,2358
08,L,031,08001,2142
08,L,032,08001,3502
08,L,033,08001,720
08,L,033,08014,2308
08,L,033,08123,8
08,L,034,08001,2014
08,L,035,08001,2144
08,L,035,08059,94
08,L,036,08001,1696
08,L,036,08005,1332
08,L,037,08005,2178
08,L,038,08005,2160
08,L,038,08059,320
08,L,039,08035,2950
08,L,040,08005,2020
08,L,041,08005,1488
08,L,042,08005,1584
08,L,043,08035,1548
08,L,044,08035,2496
08,L,045,08035,2196
08,L,046,08101,6292
08,L,047,08009,1854
08,L,047,08011,1202
08,L,047,08025,730
08,L,047,08055,1396
08,L,047,08061,914
08,L,047,08071,3022
08,L,047,08089,3748
08,L,047,08099,3112
08,L,047,08101,2090
08,L,048,08001,2082
08,L,048,08123,3588
08,L,049,08013,2864
08,L,049,08019,1648
08,L,049,08047,710
08,L,049,08069,3862
08,L,050,08123,2836
08,L,051,08069,3490
08,L,052,08069,2410
08,L,053,08069,3084
08,L,054,08029,1872
08,L,054,08077,4556
08,L,055,08077,4282
08,L,056,08001,1144
08,L,056,08005,912
08,L,056,08017,870
08,L,056,08039,1670
08,L,056,08041,1436
08,L,056,08063,2368
08,L,056,08073,1572
08,L,057,08037,638
08,L,057,08045,3982
08,L,057,08097,1616
08,L,058,08029,846
08,L,058,08033,646
08,L,058,08051,3510
08,L,058,08053,416
08,L,058,08083,540
08,L,058,08085,3560
08,L,058,08091,790
08,L,058,08113,1368
08,L,059,08007,1344
08,L,059,08067,3610
08,L,059,08083,2258
08,L,059,08111,320
08,L,060,08015,144
08,L,060,08027,1002
08,L,060,08043,3668
08,L,060,08101,660
08,L,060,08119,2054
08,L,061,08005,1834
08,L,061,08035,136
08,L,062,08003,1766
08,L,062,08021,1648
08,L,062,08023,2990
08,L,062,08055,372
08,L,062,08079,388
08,L,062,08101,2952
08,L,062,08105,2022
08,L,062,08109,2070
08,L,063,08075,3526
08,L,063,08087,3408
08,L,063,08095,1788
08,L,063,08115,1246
08,L,063,08121,2540
08,L,063,08123,2642
08,L,063,08125,3314
08,L,064,08069,708
08,L,064,08123,3234
08,L,065,08069,2092
08,L,065,08123,2122
08,U,001,08075,3526
08,U,001,08087,3408
08,U,001,08095,1788
08,U,001,08115,1246
08,U,001,08121,2540
08,U,001,08123,6498
08,U,001,08125,3314
08,U,002,08035,4358
08,U,003,08101,11994
08,U,004,08015,2496
08,U,004,08027,1002
08,U,004,08035,1294
08,U,004,08043,3668
08,U,004,08059,1184
08,U,004,08065,1026
08,U,004,08093,3520
08,U,004,08119,2054
08,U,005,08029,2312
08,U,005,08037,550
08,U,005,08045,3090
08,U,005,08051,3510
08,U,005,08053,416
08,U,005,08085,2584
08,U,005,08097,1616
08,U,006,08003,1766
08,U,006,08007,1344
08,U,006,08021,1648
08,U,006,08023,2990
08,U,006,08033,646
08,U,006,08067,3610
08,U,006,08079,388
08,U,006,08083,2798
08,U,006,08085,976
08,U,006,08091,790
08,U,006,08105,2022
08,U,006,08109,2070
08,U,006,08111,320
08,U,006,08113,1368
08,U,007,08029,406
08,U,007,08077,8838
08,U,008,08019,1648
08,U,008,08037,3464
08,U,008,08045,892
08,U,008,08047,710
08,U,008,08049,2702
08,U,008,08057,1216
08,U,008,08081,2638
08,U,008,08103,2018
08,U,008,08107,2560
08,U,008,08117,2092
08,U,009,08041,4564
08,U,010,08041,4468
08,U,011,08041,5130
08,U,012,08041,6886
08,U,012,08119,6
08,U,013,08001,1904
08,U,013,08123,4812
08,U,014,08069,4790
08,U,015,08013,2282
08,U,015,08069,8296
08,U,016,08005,2722
08,U,016,08059,1364
08,U,017,08013,4740
08,U,017,08014,32
08,U,017,08123,888
08,U,018,08013,5024
08,U,019,08001,100
08,U,019,08059,4610
08,U,020,08059,4752
08,U,021,08001,6220
08,U,021,08005,670
08,U,022,08059,5226
08,U,023,08069,2560
08,U,023,08123,5010
08,U,024,08001,4466
08,U,025,08001,2144
08,U,025,08014,2308
08,U,025,08123,2
08,U,026,08005,2808
08,U,026,08031,1188
08,U,026,08059,2
08,U,027,08005,3810
08,U,027,08035,108
08,U,028,08001,1774
08,U,028,08005,2798
08,U,029,08005,2804
08,U,030,08035,3566
08,U,031,08031,4654
08,U,032,08005,186
08,U,032,08031,3818
08,U,032,08059,4
08,U,033,08031,5242
08,U,034,08031,5396
08,U,035,08009,1854
08,U,035,08011,1202
08,U,035,08017,870
08,U,035,08025,730
08,U,035,08039,1670
08,U,035,08041,2812
08,U,035,08055,1768
08,U,035,08061,914
08,U,035,08063,2368
08,U,035,08071,3022
08,U,035,08073,1572
08,U,035,08089,3748
08,U,035,08099,3112
09,L,001,09003,228
09,L,002,09001,486
09,L,003,09003,332
09,L,004,09003,388
09,L,005,09003,650
09,L,006,09003,486
09,L,007,09003,446
09,L,008,09011,112
09,L,008,09013,756
09,L,009,09003,516
09,L,010,09003,666
09,L,011,09003,476
09,L,012,09003,666
09,L,013,09003,562
09,L,014,09003,686
09,L,015,09003,630
09,L,016,09003,702
09,L,017,09003,656
09,L,018,09003,454
09,L,019,09003,636
09,L,020,09003,626
09,L,021,09003,564
09,L,022,09003,730
09,L,023,09007,702
09,L,023,09011,668
09,L,024,09003,532
09,L,025,09003,456
09,L,026,09003,426
09,L,027,09003,566
09,L,028,09003,684
09,L,029,09003,544
09,L,030,09003,654
09,L,031,09003,578
09,L,032,09007,692
09,L,033,09007,438
09,L,034,09007,862
09,L,034,09011,72
09,L,035,09007,836
09,L,036,09007,1056
09,L,037,09011,952
09,L,038,09011,980
09,L,039,09011,606
09,L,040,09011,786
09,L,041,09011,968
09,L,042,09001,654
09,L,043,09011,1012
09,L,044,09015,1042
09,L,045,09011,1126
09,L,046,09011,658
09,L,047,09011,350
09,L,047,09015,868
09,L,048,09011,1048
09,L,049,09015,724
09,L,050,09013,104
09,L,050,09015,1282
09,L,051,09015,1318
09,L,052,09013,1016
09,L,052,09015,212
09,L,053,09013,812
09,L,054,09013,524
09,L,055,09003,294
09,L,055,09013,510
09,L,056,09013,532
09,L,057,09003,148
09,L,057,09013,520
09,L,058,09003,662
09,L,059,09003,762
09,L,060,09003,760
09,L,061,09003,730
09,L,062,09003,454
09,L,062,09005,500
09,L,063,09005,986
09,L,064,09005,2216
09,L,065,09005,674
09,L,066,09005,1308
09,L,067,09005,756
09,L,068,09005,748
09,L,068,09009,46
09,L,069,09005,374
09,L,069,09009,394
09,L,070,09009,484
09,L,071,09009,686
09,L,072,09009,426
09,L,073,09009,596
09,L,074,09009,402
09,L,075,09009,562
09,L,076,09003,252
09,L,076,09005,654
09,L,077,09003,538
09,L,078,09003,322
09,L,078,09005,410
09,L,079,09003,516
09,L,080,09003,160
09,L,080,09009,434
09,L,081,09003,582
09,L,082,09009,492
09,L,083,09003,156
09,L,083,09009,350
09,L,084,09009,500
09,L,085,09009,530
09,L,086,09007,48
09,L,086,09009,594
09,L,087,09009,806
09,L,088,09009,460
09,L,089,09009,586
09,L,090,09007,202
09,L,090,09009,530
09,L,091,09009,560
09,L,092,09009,436
09,L,093,09009,382
09,L,094,09009,466
09,L,095,09009,510
09,L,096,09009,574
09,L,097,09009,452
09,L,098,09009,770
09,L,099,09009,564
09,L,100,09007,658
09,L,101,09007,190
09,L,101,09009,522
09,L,102,09009,544
09,L,103,09009,606
09,L,104,09009,634
09,L,105,09009,684
09,L,106,09001,744
09,L,107,09001,678
09,L,108,09001,692
09,L,108,09005,94
09,L,109,09001,424
09,L,110,09001,298
09,L,111,09001,596
09,L,112,09001,706
09,L,113,09001,622
09,L,114,09009,748
09,L,115,09009,402
09,L,116,09009,482
09,L,117,09009,754
09,L,118,09009,734
09,L,119,09009,696
09,L,120,09001,700
09,L,121,09001,640
09,L,122,09001,582
09,L,123,09001,626
09,L,124,09001,412
09,L,125,09001,568
09,L,126,09001,426
09,L,127,09001,380
09,L,128,09001,452
09,L,129,09001,456
09,L,130,09001,786
09,L,131,09009,580
09,L,132,09001,694
09,L,133,09001,694
09,L,134,09001,674
09,L,135,09001,808
09,L,136,09001,734
09,L,137,09001,520
09,L,138,09001,378
09,L,139,09011,898
09,L,140,09001,342
09,L,141,09001,696
09,L,142,09001,520
09,L,143,09001,496
09,L,144,09001,312
09,L,145,09001,302
09,L,146,09001,348
09,L,147,09001,348
09,L,148,09001,316
09,L,149,09001,728
09,L,150,09001,654
09,L,151,09001,484
09,L,ZZZ,09001,18
09,L,ZZZ,09007,12
09,L,ZZZ,09009,122
09,L,ZZZ,09011,10
09,U,001,09003,1946
09,U,002,09003,2084
09,U,003,09003,2380
09,U,003,09013,262
09,U,004,09003,2332
09,U,004,09013,330
09,U,005,09003,2246
09,U,006,09003,2246
09,U,007,09003,2558
09,U,007,09013,418
09,U,008,09003,1652
09,U,008,09005,1714
09,U,009,09003,1256
09,U,009,09007,1090
09,U,010,09009,1826
09,U,011,09009,2028
09,U,012,09007,522
09,U,012,09009,2396
09,U,013,09007,448
09,U,013,09009,1718
09,U,014,09009,2814
09,U,015,09009,2432
09,U,016,09003,1032
09,U,016,09009,1260
09,U,017,09009,2446
09,U,018,09011,3234
09,U,018,09015,818
09,U,019,09003,222
09,U,019,09011,2754
09,U,019,09013,444
09,U,020,09007,224
09,U,020,09011,3550
09,U,021,09001,2512
09,U,021,09009,148
09,U,022,09001,2248
09,U,023,09001,2246
09,U,024,09001,1866
09,U,025,09001,2196
09,U,026,09001,2854
09,U,027,09001,1508
09,U,028,09001,2988
09,U,029,09013,628
09,U,029,09015,3386
09,U,030,09001,730
09,U,030,09005,4438
09,U,031,09003,1922
09,U,031,09005,830
09,U,032,09001,328
09,U,032,09005,1738
09,U,032,09009,1402
09,U,033,09007,3324
09,U,033,09011,698
09,U,034,09007,76
09,U,034,09009,2508
09,U,035,09013,2692
09,U,035,09015,1242
09,U,036,09001,2500
09,U,ZZZ,09001,18
09,U,ZZZ,09007,12
09,U,ZZZ,09009,122
09,U,ZZZ,09011,10
10,L,001,10003,852
10,L,002,10003,1124
10,L,003,10003,814
10,L,004,10005,1290
10,L,005,10003,364
10,L,006,10003,946
10,L,007,10003,778
10,L,008,10003,764
10,L,009,10003,918
10,L,010,10003,620
10,L,011,10001,452
10,L,011,10003,574
10,L,012,10003,1142
10,L,013,10003,1034
10,L,014,10005,1442
10,L,015,10003,596
10,L,016,10003,958
10,L,017,10003,966
10,L,018,10003,482
10,L,019,10003,840
10,L,020,10005,1332
10,L,021,10003,500
10,L,022,10003,432
10,L,023,10003,610
10,L,024,10003,638
10,L,025,10003,600
10,L,026,10003,346
10,L,027,10003,496
10,L,028,10001,1260
10,L,028,10003,60
10,L,029,10001,978
10,L,030,10001,1572
10,L,031,10001,818
10,L,032,10001,914
10,L,033,10001,1342
10,L,034,10001,930
10,L,035,10005,1472
10,L,036,10005,1346
10,L,037,10005,1168
10,L,038,10005,1896
10,L,039,10005,1418
10,L,040,10005,1514
10,L,041,10005,1798
10,U,001,10003,1868
10,U,002,10003,1930
10,U,003,10003,1694
10,U,004,10003,1188
10,U,005,10003,1314
10,U,006,10005,2910
10,U,007,10003,1552
10,U,008,10003,1194
10,U,009,10003,1284
10,U,010,10003,1284
10,U,011,10003,822
10,U,012,10003,1566
10,U,013,10003,956
10,U,014,10001,1506
10,U,014,10003,802
10,U,015,10001,2510
10,U,016,10001,2058
10,U,017,10001,1756
10,U,018,10001,436
10,U,018,10005,2528
10,U,019,10005,2620
10,U,020,10005,3354
10,U,021,10005,3264
11,U,001,11001,698
11,U,002,11001,1636
11,U,003,11001,1540
11,U,004,11001,1828
11,U,005,11001,1790
11,U,006,11001,1600
11,U,007,11001,1658
11,U,008,11001,1274
12,L,001,12033,6050
12,L,002,12033,7602
12,L,002,12113,996
12,L,003,12091,1898
12,L,003,12113,7488
12,L,004,12091,7810
12,L,005,12013,1724
12,L,005,12059,2230
12,L,005,12063,5238
12,L,005,12131,6598
12,L,005,12133,3046
12,L,006,12005,11354
12,L,007,12029,2740
12,L,007,12037,2598
12,L,007,12045,2556
12,L,007,12047,1762
12,L,007,12065,264
12,L,007,12067,1326
12,L,007,12073,572
12,L,007,12077,1366
12,L,007,12121,3202
12,L,007,12123,3438
12,L,007,12129,2406
12,L,008,12039,3026
12,L,008,12073,3658
12,L,009,12065,1158
12,L,009,12073,4772
12,L,009,12079,2246
12,L,010,12001,2732
12,L,010,12003,1592
12,L,010,12007,1646
12,L,010,12023,3948
12,L,010,12125,1698
12,L,011,12019,3360
12,L,012,12031,3972
12,L,013,12031,7432
12,L,014,12031,6284
12,L,015,12031,1970
12,L,015,12089,3832
12,L,016,12031,4020
12,L,017,12031,2314
12,L,018,12109,3422
12,L,019,12035,4880
12,L,019,12109,3218
12,L,020,12019,2754
12,L,020,12083,2148
12,L,020,12107,7968
12,L,020,12109,1662
12,L,021,12001,5076
12,L,021,12083,3698
12,L,022,12001,3986
12,L,022,12041,1390
12,L,022,12075,6264
12,L,023,12017,12304
12,L,023,12083,2604
12,L,024,12083,9144
12,L,025,12069,7968
12,L,026,12069,10294
12,L,027,12069,1864
12,L,027,12083,5388
12,L,027,12127,3400
12,L,028,12127,7158
12,L,029,12127,7908
12,L,030,12009,2066
12,L,030,12127,7342
12,L,031,12009,6580
12,L,032,12009,5442
12,L,033,12009,7800
12,L,034,12009,890
12,L,034,12061,8106
12,L,035,12095,2908
12,L,035,12097,2204
12,L,036,12117,5902
12,L,037,12095,1410
12,L,037,12117,1460
12,L,038,12117,4080
12,L,039,12095,4876
12,L,039,12117,808
12,L,040,12095,4310
12,L,041,12095,3560
12,L,042,12095,7076
12,L,043,12095,3198
12,L,044,12095,3874
12,L,045,12095,4062
12,L,045,12097,1368
12,L,046,12097,4278
12,L,047,12095,314
12,L,047,12097,3688
12,L,048,12105,9378
12,L,049,12105,7312
12,L,050,12105,5968
12,L,051,12105,7330
12,L,052,12053,3122
12,L,052,12119,6510
12,L,053,12053,6622
12,L,053,12101,1092
12,L,054,12101,6412
12,L,055,12101,3616
12,L,056,12101,6144
12,L,057,12103,5824
12,L,058,12103,6678
12,L,059,12103,6694
12,L,060,12103,7686
12,L,061,12057,12
12,L,061,12103,7394
12,L,062,12057,2758
12,L,062,12103,3554
12,L,063,12057,7430
12,L,064,12057,4624
12,L,065,12057,6056
12,L,066,12057,3394
12,L,067,12057,2968
12,L,068,12057,4896
12,L,069,12057,3338
12,L,070,12057,3446
12,L,070,12081,1588
12,L,071,12081,7620
12,L,072,12081,5236
12,L,073,12115,7338
12,L,074,12115,8204
12,L,075,12015,10620
12,L,075,12115,2888
12,L,076,12015,4096
12,L,076,12027,2118
12,L,076,12071,3592
12,L,077,12071,10460
12,L,078,12071,5746
12,L,079,12071,9354
12,L,080,12021,1012
12,L,080,12071,5406
12,L,081,12021,5344
12,L,082,12021,3852
12,L,082,12051,3760
12,L,083,12043,1622
12,L,083,12049,2118
12,L,083,12055,11534
12,L,083,12093,3100
12,L,084,12111,8918
12,L,085,12085,908
12,L,085,12111,5284
12,L,086,12085,4974
12,L,086,12099,1764
12,L,087,12099,6450
12,L,088,12099,3746
12,L,089,12099,3646
12,L,090,12099,4516
12,L,091,12099,3594
12,L,092,12099,2938
12,L,093,12099,2822
12,L,094,12099,6792
12,L,095,12011,3020
12,L,096,12011,3310
12,L,097,12011,2754
12,L,098,12011,4662
12,L,099,12011,4908
12,L,100,12011,5324
12,L,101,12011,5056
12,L,102,12011,3430
12,L,103,12011,2726
12,L,104,12011,1928
12,L,104,12086,902
12,L,105,12011,4760
12,L,105,12086,4
12,L,106,12086,2858
12,L,107,12086,4318
12,L,108,12086,5328
12,L,109,12086,5640
12,L,110,12086,2848
12,L,111,12086,3420
12,L,112,12086,4672
12,L,113,12086,2894
12,L,114,12086,5408
12,L,115,12086,5682
12,L,116,12086,3240
12,L,117,12086,4332
12,L,118,12086,3838
12,L,119,12086,3426
12,L,120,12086,4434
12,L,120,12087,5768
12,U,001,12033,13652
12,U,001,12091,2074
12,U,001,12113,8484
12,U,002,12005,11354
12,U,002,12013,1724
12,U,002,12059,2230
12,U,002,12063,5238
12,U,002,12091,7634
12,U,002,12131,6598
12,U,002,12133,3046
12,U,003,12029,2740
12,U,003,12037,2598
12,U,003,12039,3026
12,U,003,12045,2556
12,U,003,12047,1762
12,U,003,12065,1422
12,U,003,12067,1326
12,U,003,12073,9002
12,U,003,12077,1366
12,U,003,12079,2246
12,U,003,12121,3202
12,U,003,12123,3438
12,U,003,12129,2406
12,U,004,12031,8520
12,U,004,12089,3832
12,U,005,12031,17472
12,U,006,12001,6890
12,U,006,12003,1592
12,U,006,12007,1646
12,U,006,12019,6114
12,U,006,12023,3948
12,U,006,12041,1390
12,U,006,12125,1698
12,U,007,12035,4880
12,U,007,12107,7968
12,U,007,12109,8302
12,U,007,12127,3608
12,U,008,12009,3046
12,U,008,12127,22200
12,U,009,12001,4904
12,U,009,12075,6264
12,U,009,12083,22982
12,U,010,12095,2544
12,U,010,12117,12250
12,U,011,12017,12304
12,U,011,12053,9744
12,U,011,12101,1842
12,U,011,12119,6510
12,U,012,12105,20454
12,U,013,12069,20126
12,U,013,12095,4030
12,U,014,12057,13560
12,U,015,12095,14372
12,U,016,12057,13790
12,U,016,12103,5406
12,U,017,12095,11922
12,U,018,12103,21982
12,U,019,12009,19732
12,U,020,12057,4898
12,U,020,12081,11694
12,U,021,12101,7322
12,U,021,12103,10442
12,U,022,12081,2750
12,U,022,12115,18430
12,U,023,12057,6674
12,U,023,12101,8100
12,U,024,12099,12874
12,U,025,12095,2720
12,U,025,12097,11538
12,U,026,12099,11980
12,U,027,12015,14716
12,U,027,12027,2118
12,U,027,12049,2118
12,U,027,12071,5824
12,U,027,12105,9534
12,U,028,12021,10208
12,U,028,12051,3760
12,U,028,12071,6122
12,U,029,12043,1622
12,U,029,12055,11534
12,U,029,12061,8106
12,U,029,12093,3100
12,U,029,12111,10380
12,U,030,12011,7322
12,U,030,12099,2364
12,U,031,12085,5882
12,U,031,12099,9050
12,U,031,12111,3822
12,U,032,12011,11340
12,U,033,12071,22612
12,U,034,12086,14308
12,U,035,12011,9450
12,U,036,12086,11026
12,U,037,12011,13766
12,U,037,12086,816
12,U,038,12086,15566
12,U,039,12086,11070
12,U,040,12086,10458
12,U,040,12087,5768
13,L,001,13083,1414
13,L,001,13295,2594
13,L,002,13047,328
13,L,002,13295,1434
13,L,002,13313,1258
13,L,003,13047,2288
13,L,004,13313,2502
13,L,005,13115,374
13,L,005,13129,2974
13,L,006,13129,244
13,L,006,13213,1574
13,L,006,13313,992
13,L,007,13085,240
13,L,007,13111,2454
13,L,007,13123,2484
13,L,008,13281,1086
13,L,008,13291,2108
13,L,008,13311,1512
13,L,009,13085,1312
13,L,009,13187,1636
13,L,009,13311,314
13,L,010,13137,2722
13,L,010,13241,1966
13,L,011,13057,540
13,L,011,13117,242
13,L,011,13227,1964
13,L,012,13055,1828
13,L,012,13115,2164
13,L,013,13115,2964
13,L,014,13015,2178
13,L,014,13057,430
13,L,015,13015,2814
13,L,016,13223,288
13,L,016,13233,3048
13,L,017,13223,1084
13,L,018,13045,1338
13,L,018,13143,2414
13,L,018,13223,240
13,L,019,13223,1214
13,L,020,13057,942
13,L,021,13057,992
13,L,022,13057,592
13,L,022,13067,300
13,L,023,13057,1550
13,L,024,13117,674
13,L,025,13117,442
13,L,025,13121,136
13,L,026,13117,1016
13,L,027,13139,2584
13,L,027,13187,146
13,L,028,13117,810
13,L,028,13139,250
13,L,029,13139,2820
13,L,030,13135,168
13,L,030,13139,1366
13,L,031,13139,262
13,L,031,13157,2126
13,L,032,13011,1466
13,L,032,13137,228
13,L,032,13157,822
13,L,032,13257,2572
13,L,033,13119,2424
13,L,033,13147,2428
13,L,033,13195,790
13,L,034,13067,1024
13,L,035,13067,1330
13,L,036,13067,984
13,L,037,13067,1960
13,L,038,13067,1580
13,L,039,13067,1170
13,L,040,13067,1296
13,L,041,13067,934
13,L,042,13067,1626
13,L,043,13067,1138
13,L,044,13057,468
13,L,044,13067,658
13,L,045,13067,790
13,L,046,13057,274
13,L,046,13067,566
13,L,047,13057,124
13,L,047,13121,960
13,L,048,13121,618
13,L,048,13135,182
13,L,049,13121,1178
13,L,050,13121,666
13,L,051,13121,782
13,L,052,13089,346
13,L,052,13121,444
13,L,053,13121,1004
13,L,054,13121,750
13,L,055,13121,1368
13,L,056,13121,1600
13,L,057,13121,1078
13,L,058,13121,1560
13,L,059,13121,1754
13,L,060,13121,1400
13,L,061,13097,816
13,L,061,13121,688
13,L,062,13121,1974
13,L,063,13121,2104
13,L,064,13097,852
13,L,064,13223,192
13,L,065,13077,326
13,L,065,13097,172
13,L,065,13121,866
13,L,066,13097,1258
13,L,067,13077,330
13,L,067,13121,1318
13,L,068,13113,854
13,L,068,13121,888
13,L,069,13113,1044
13,L,069,13121,360
13,L,070,13045,268
13,L,070,13077,2210
13,L,071,13045,1932
13,L,072,13045,1622
13,L,072,13149,1086
13,L,072,13285,628
13,L,073,13077,722
13,L,073,13113,628
13,L,074,13113,584
13,L,074,13151,616
13,L,074,13255,730
13,L,075,13063,1100
13,L,076,13063,1342
13,L,077,13063,1572
13,L,078,13063,974
13,L,078,13151,138
13,L,079,13063,1044
13,L,080,13089,962
13,L,081,13089,1118
13,L,082,13089,1138
13,L,083,13089,968
13,L,084,13089,1272
13,L,085,13089,1162
13,L,086,13089,900
13,L,087,13089,886
13,L,088,13089,1006
13,L,088,13135,138
13,L,089,13089,1292
13,L,090,13089,1556
13,L,091,13089,188
13,L,091,13151,924
13,L,091,13247,152
13,L,092,13089,272
13,L,092,13247,806
13,L,093,13089,268
13,L,093,13217,454
13,L,093,13247,1176
13,L,094,13089,308
13,L,094,13135,444
13,L,095,13089,198
13,L,095,13135,316
13,L,095,13247,334
13,L,096,13135,1004
13,L,097,13135,1080
13,L,098,13135,530
13,L,099,13135,1126
13,L,100,13117,114
13,L,100,13135,602
13,L,100,13139,398
13,L,101,13135,758
13,L,102,13135,854
13,L,103,13135,1044
13,L,103,13139,222
13,L,104,13013,696
13,L,104,13135,328
13,L,105,13135,788
13,L,106,13135,1004
13,L,107,13135,732
13,L,108,13135,872
13,L,109,13135,566
13,L,110,13135,766
13,L,111,13135,382
13,L,111,13297,888
13,L,112,13297,2670
13,L,113,13217,1598
13,L,114,13159,392
13,L,114,13211,1940
13,L,114,13217,1820
13,L,115,13151,1582
13,L,116,13063,92
13,L,116,13151,1452
13,L,117,13151,1378
13,L,117,13255,112
13,L,118,13035,1322
13,L,118,13151,206
13,L,118,13159,1246
13,L,118,13237,804
13,L,119,13013,1712
13,L,119,13157,130
13,L,120,13013,154
13,L,120,13059,828
13,L,120,13157,1098
13,L,120,13219,426
13,L,121,13059,620
13,L,121,13219,1388
13,L,122,13059,1820
13,L,123,13073,138
13,L,123,13105,2090
13,L,123,13181,864
13,L,123,13195,1492
13,L,123,13317,1330
13,L,124,13059,350
13,L,124,13133,1804
13,L,124,13221,1344
13,L,124,13237,534
13,L,124,13265,668
13,L,125,13073,1338
13,L,125,13189,466
13,L,126,13033,2964
13,L,126,13165,1222
13,L,126,13245,602
13,L,127,13073,890
13,L,127,13245,574
13,L,128,13009,308
13,L,128,13125,646
13,L,128,13141,1264
13,L,128,13189,1336
13,L,128,13301,1482
13,L,128,13303,3122
13,L,129,13245,3280
13,L,130,13245,1850
13,L,131,13073,880
13,L,132,13163,2770
13,L,132,13245,1376
13,L,133,13009,1890
13,L,133,13169,956
13,L,134,13171,318
13,L,134,13207,562
13,L,134,13255,2180
13,L,135,13171,1036
13,L,135,13231,1268
13,L,135,13293,2214
13,L,136,13077,1438
13,L,136,13199,1540
13,L,136,13285,820
13,L,137,13199,850
13,L,137,13215,784
13,L,137,13263,1266
13,L,137,13285,1094
13,L,138,13145,1518
13,L,138,13215,226
13,L,138,13285,1300
13,L,139,13145,520
13,L,139,13215,1246
13,L,140,13215,2792
13,L,141,13215,1370
13,L,142,13021,2180
13,L,143,13021,4024
13,L,144,13021,722
13,L,144,13169,428
13,L,144,13207,1260
13,L,145,13021,146
13,L,145,13079,842
13,L,145,13153,1380
13,L,145,13207,160
13,L,145,13225,838
13,L,146,13153,2250
13,L,147,13153,1806
13,L,148,13017,694
13,L,148,13081,2564
13,L,148,13153,1102
13,L,148,13235,1096
13,L,148,13315,1446
13,L,149,13023,1280
13,L,149,13091,2440
13,L,149,13271,1312
13,L,149,13289,1136
13,L,149,13319,1360
13,L,150,13093,2184
13,L,150,13193,1894
13,L,150,13225,860
13,L,150,13261,1018
13,L,150,13269,1574
13,L,151,13053,1362
13,L,151,13095,236
13,L,151,13197,894
13,L,151,13249,626
13,L,151,13259,1248
13,L,151,13261,1670
13,L,151,13273,1458
13,L,151,13307,626
13,L,152,13095,580
13,L,152,13177,1202
13,L,152,13321,2498
13,L,153,13095,3184
13,L,154,13007,766
13,L,154,13037,868
13,L,154,13061,730
13,L,154,13095,872
13,L,154,13099,1682
13,L,154,13201,912
13,L,154,13239,366
13,L,154,13243,1392
13,L,154,13253,1220
13,L,155,13167,1126
13,L,155,13175,5000
13,L,156,13017,1738
13,L,156,13209,1480
13,L,156,13267,324
13,L,156,13271,606
13,L,156,13279,2742
13,L,156,13309,1002
13,L,157,13001,2156
13,L,157,13109,1776
13,L,157,13161,1634
13,L,157,13267,2876
13,L,158,13031,1938
13,L,158,13043,1258
13,L,158,13107,3392
13,L,158,13283,1096
13,L,159,13031,772
13,L,159,13103,1848
13,L,159,13251,1972
13,L,160,13029,1048
13,L,160,13031,2298
13,L,161,13051,1030
13,L,161,13103,886
13,L,162,13051,1530
13,L,163,13051,3356
13,L,164,13029,1084
13,L,164,13051,1316
13,L,165,13051,3442
13,L,166,13029,296
13,L,166,13051,2022
13,L,167,13127,1256
13,L,167,13179,456
13,L,167,13183,1274
13,L,167,13191,1938
13,L,167,13305,372
13,L,168,13179,2722
13,L,169,13069,2930
13,L,169,13155,2278
13,L,169,13277,900
13,L,169,13287,1640
13,L,170,13019,2042
13,L,170,13075,858
13,L,170,13277,2848
13,L,171,13087,2880
13,L,171,13131,1102
13,L,171,13205,2100
13,L,172,13071,3838
13,L,172,13075,1228
13,L,172,13275,434
13,L,173,13131,1516
13,L,173,13275,3314
13,L,174,13025,1752
13,L,174,13049,2292
13,L,174,13065,2278
13,L,174,13101,826
13,L,174,13185,852
13,L,174,13299,1934
13,L,175,13027,1968
13,L,175,13185,1994
13,L,176,13003,1092
13,L,176,13069,474
13,L,176,13173,1138
13,L,176,13185,310
13,L,176,13299,2980
13,L,177,13185,2668
13,L,178,13001,1166
13,L,178,13005,1504
13,L,178,13229,2232
13,L,178,13305,3412
13,L,179,13127,3642
13,L,180,13039,3828
13,L,180,13127,464
13,U,001,13029,2428
13,U,001,13051,3064
13,U,001,13179,3178
13,U,002,13051,8922
13,U,003,13025,1752
13,U,003,13039,3828
13,U,003,13049,2292
13,U,003,13127,5362
13,U,003,13191,1938
13,U,003,13299,1558
13,U,004,13031,5008
13,U,004,13043,1258
13,U,004,13051,710
13,U,004,13103,2734
13,U,004,13109,1776
13,U,005,13135,2188
13,U,006,13067,1562
13,U,006,13121,1974
13,U,007,13135,2926
13,U,008,13003,1092
13,U,008,13065,2278
13,U,008,13101,826
13,U,008,13173,1138
13,U,008,13185,5824
13,U,008,13229,2232
13,U,008,13299,3356
13,U,009,13135,2496
13,U,010,13089,992
13,U,010,13151,3254
13,U,011,13027,1968
13,U,011,13071,3838
13,U,011,13075,2086
13,U,011,13087,2880
13,U,011,13131,2618
13,U,011,13253,1220
13,U,011,13275,3748
13,U,012,13007,766
13,U,012,13037,868
13,U,012,13061,730
13,U,012,13095,4872
13,U,012,13099,1682
13,U,012,13201,912
13,U,012,13205,2100
13,U,012,13239,366
13,U,012,13243,1392
13,U,012,13259,1248
13,U,012,13261,2688
13,U,012,13273,1458
13,U,012,13307,626
13,U,013,13017,2432
13,U,013,13019,2042
13,U,013,13069,1740
13,U,013,13081,2564
13,U,013,13155,2278
13,U,013,13177,1202
13,U,013,13277,3748
13,U,013,13287,1640
13,U,013,13321,2498
13,U,014,13121,2684
13,U,015,13053,1362
13,U,015,13193,1894
13,U,015,13197,894
13,U,015,13215,5000
13,U,015,13249,626
13,U,015,13263,1266
13,U,015,13269,1574
13,U,016,13113,2230
13,U,016,13171,1354
13,U,016,13231,1268
13,U,016,13255,3022
13,U,017,13151,1962
13,U,017,13211,1940
13,U,017,13217,2002
13,U,017,13297,1514
13,U,018,13021,1300
13,U,018,13079,842
13,U,018,13153,1360
13,U,018,13207,1982
13,U,018,13225,1698
13,U,018,13293,2214
13,U,019,13001,3322
13,U,019,13005,1504
13,U,019,13069,1664
13,U,019,13161,1634
13,U,019,13183,1274
13,U,019,13209,1480
13,U,019,13267,3200
13,U,019,13271,1918
13,U,019,13279,2742
13,U,019,13305,3784
13,U,019,13309,1002
13,U,020,13023,1280
13,U,020,13091,2440
13,U,020,13093,2184
13,U,020,13153,3190
13,U,020,13175,5000
13,U,020,13235,1096
13,U,020,13283,1096
13,U,020,13315,1446
13,U,021,13057,3118
13,U,021,13121,1542
13,U,022,13245,7234
13,U,023,13033,2964
13,U,023,13073,1398
13,U,023,13107,3392
13,U,023,13125,646
13,U,023,13163,2770
13,U,023,13165,1222
13,U,023,13189,1802
13,U,023,13245,448
13,U,023,13251,1972
13,U,023,13265,668
13,U,023,13301,1482
13,U,024,13073,1848
13,U,024,13105,2090
13,U,024,13133,1804
13,U,024,13147,2428
13,U,024,13181,864
13,U,024,13221,1344
13,U,024,13317,1330
13,U,025,13009,2198
13,U,025,13021,462
13,U,025,13035,1322
13,U,025,13151,1080
13,U,025,13159,1638
13,U,025,13169,1384
13,U,025,13237,1338
13,U,026,13021,5310
13,U,026,13141,1264
13,U,026,13153,1988
13,U,026,13167,1126
13,U,026,13289,1136
13,U,026,13303,3122
13,U,026,13319,1360
13,U,027,13117,2762
13,U,028,13077,5026
13,U,028,13097,520
13,U,028,13121,474
13,U,028,13149,1086
13,U,029,13145,2038
13,U,029,13199,2390
13,U,029,13215,1418
13,U,029,13285,3842
13,U,030,13045,5160
13,U,030,13097,534
13,U,030,13143,2414
13,U,030,13223,268
13,U,031,13223,2750
13,U,031,13233,3048
13,U,032,13057,1536
13,U,032,13067,2094
13,U,033,13067,4682
13,U,034,13063,3320
13,U,034,13113,880
13,U,035,13097,2044
13,U,035,13121,2574
13,U,036,13121,5964
13,U,037,13015,638
13,U,037,13067,3324
13,U,038,13067,2486
13,U,038,13121,2034
13,U,039,13121,4730
13,U,040,13089,2636
13,U,040,13135,402
13,U,041,13089,3312
13,U,041,13135,114
13,U,042,13089,4362
13,U,043,13089,634
13,U,043,13217,1870
13,U,043,13247,2468
13,U,044,13063,2804
13,U,044,13089,1204
13,U,045,13013,1262
13,U,045,13135,2448
13,U,046,13013,366
13,U,046,13059,1440
13,U,046,13135,512
13,U,046,13219,1814
13,U,046,13297,2044
13,U,047,13013,934
13,U,047,13059,2178
13,U,047,13157,2666
13,U,047,13195,2282
13,U,048,13117,536
13,U,048,13121,908
13,U,048,13135,770
13,U,049,13139,7562
13,U,050,13011,1466
13,U,050,13119,2424
13,U,050,13137,2950
13,U,050,13139,340
13,U,050,13157,1510
13,U,050,13241,1966
13,U,050,13257,2572
13,U,050,13281,1086
13,U,050,13311,862
13,U,051,13085,1552
13,U,051,13111,2454
13,U,051,13123,2484
13,U,051,13187,1782
13,U,051,13227,1964
13,U,051,13291,2108
13,U,051,13311,964
13,U,052,13015,4354
13,U,052,13115,4714
13,U,052,13129,420
13,U,053,13047,2616
13,U,053,13055,1828
13,U,053,13083,1414
13,U,053,13115,788
13,U,053,13295,4028
13,U,054,13129,2798
13,U,054,13213,1574
13,U,054,13313,4752
13,U,055,13089,700
13,U,055,13135,1828
13,U,056,13057,1258
13,U,056,13067,1208
13,U,056,13121,612
15,L,001,15001,1590
15,L,002,15001,496
15,L,003,15001,982
15,L,004,15001,1038
15,L,005,15001,2190
15,L,006,15001,450
15,L,007,15001,708
15,L,008,15001,878
15,L,009,15009,468
15,L,010,15009,476
15,L,011,15009,454
15,L,012,15009,520
15,L,013,15005,100
15,L,013,15009,1562
15,L,014,15009,614
15,L,015,15007,884
15,L,016,15007,692
15,L,017,15007,1112
15,L,018,15003,340
15,L,019,15003,398
15,L,020,15003,562
15,L,021,15003,300
15,L,022,15003,422
15,L,023,15003,234
15,L,024,15003,250
15,L,025,15003,400
15,L,026,15003,194
15,L,027,15003,330
15,L,028,15003,298
15,L,029,15003,234
15,L,030,15003,826
15,L,031,15003,606
15,L,032,15003,562
15,L,033,15003,338
15,L,034,15003,416
15,L,035,15003,350
15,L,036,15003,198
15,L,037,15003,306
15,L,038,15003,234
15,L,039,15003,288
15,L,040,15003,400
15,L,041,15003,618
15,L,042,15003,322
15,L,043,15003,240
15,L,044,15003,308
15,L,045,15003,586
15,L,046,15003,1028
15,L,047,15003,740
15,L,048,15003,396
15,L,049,15003,346
15,L,050,15003,668
15,L,051,15003,512
15,U,001,15001,1594
15,U,002,15001,1968
15,U,003,15001,2324
15,U,004,15001,2446
15,U,005,15009,932
15,U,006,15009,1100
15,U,007,15005,100
15,U,007,15009,2062
15,U,008,15007,2688
15,U,009,15003,874
15,U,010,15003,610
15,U,011,15003,584
15,U,012,15003,596
15,U,013,15003,676
15,U,014,15003,588
15,U,015,15003,1756
15,U,016,15003,722
15,U,017,15003,622
15,U,018,15003,494
15,U,019,15003,562
15,U,020,15003,750
15,U,021,15003,848
15,U,022,15003,890
15,U,023,15003,1784
15,U,024,15003,956
15,U,025,15003,938
16,L,001,16017,4820
16,L,001,16021,1690
16,L,002,16009,1830
16,L,002,16017,412
16,L,002,16035,3224
16,L,002,16055,2354
16,L,002,16079,3714
16,L,003,16055,2164
16,L,004,16055,2326
16,L,005,16055,2558
16,L,006,16057,3216
16,L,006,16061,1168
16,L,006,16069,1516
16,L,007,16003,2528
16,L,007,16049,5288
16,L,007,16069,1674
16,L,008,16015,2984
16,L,008,16037,2186
16,L,008,16039,4318
16,L,008,16085,4392
16,L,009,16027,2148
16,L,009,16075,2172
16,L,009,16087,2010
16,L,010,16001,440
16,L,010,16027,2354
16,L,011,16027,2360
16,L,012,16027,1942
16,L,013,16027,2052
16,L,014,16001,1286
16,L,014,16045,1976
16,L,015,16001,1140
16,L,016,16001,1518
16,L,017,16001,1520
16,L,018,16001,1814
16,L,019,16001,2378
16,L,020,16001,1610
16,L,021,16001,1744
16,L,022,16001,1732
16,L,023,16001,1888
16,L,023,16027,1314
16,L,023,16073,5278
16,L,024,16025,1024
16,L,024,16047,2640
16,L,024,16083,4378
16,L,025,16083,2170
16,L,026,16013,3096
16,L,026,16053,2760
16,L,026,16063,1954
16,L,027,16031,3302
16,L,027,16067,3522
16,L,027,16071,1290
16,L,028,16005,2156
16,L,028,16041,1782
16,L,028,16077,2054
16,L,029,16005,2208
16,L,030,16011,4886
16,L,030,16023,1110
16,L,031,16033,1936
16,L,031,16043,3624
16,L,031,16051,2814
16,L,031,16059,3462
16,L,032,16019,2546
16,L,033,16019,2734
16,L,034,16065,2066
16,L,035,16005,928
16,L,035,16007,2020
16,L,035,16019,2322
16,L,035,16029,2428
16,L,035,16081,1508
16,U,001,16017,4820
16,U,001,16021,1690
16,U,002,16009,1830
16,U,002,16017,412
16,U,002,16035,3224
16,U,002,16055,2354
16,U,002,16079,3714
16,U,003,16055,2164
16,U,004,16055,2326
16,U,005,16055,2558
16,U,006,16057,3216
16,U,006,16061,1168
16,U,006,16069,1516
16,U,007,16003,2528
16,U,007,16049,5288
16,U,007,16069,1674
16,U,008,16015,2984
16,U,008,16037,2186
16,U,008,16039,4318
16,U,008,16085,4392
16,U,009,16027,2148
16,U,009,16075,2172
16,U,009,16087,2010
16,U,010,16001,440
16,U,010,16027,2354
16,U,011,16027,2360
16,U,012,16027,1942
16,U,013,16027,2052
16,U,014,16001,1286
16,U,014,16045,1976
16,U,015,16001,1140
16,U,016,16001,1518
16,U,017,16001,1520
16,U,018,16001,1814
16,U,019,16001,2378
16,U,020,16001,1610
16,U,021,16001,1744
16,U,022,16001,1732
16,U,023,16001,1888
16,U,023,16027,1314
16,U,023,16073,5278
16,U,024,16025,1024
16,U,024,16047,2640
16,U,024,16083,4378
16,U,025,16083,2170
16,U,026,16013,3096
16,U,026,16053,2760
16,U,026,16063,1954
16,U,027,16031,3302
16,U,027,16067,3522
16,U,027,16071,1290
16,U,028,16005,2156
16,U,028,16041,1782
16,U,028,16077,2054
16,U,029,16005,2208
16,U,030,16011,4886
16,U,030,16023,1110
16,U,031,16033,1936
16,U,031,16043,3624
16,U,031,16051,2814
16,U,031,16059,3462
16,U,032,16019,2546
16,U,033,16019,2734
16,U,034,16065,2066
16,U,035,16005,928
16,U,035,16007,2020
16,U,035,16019,2322
16,U,035,16029,2428
16,U,035,16081,1508
17,L,001,17031,3380
17,L,002,17031,4252
17,L,003,17031,2892
17,L,004,17031,2764
17,L,005,17031,2306
17,L,006,17031,3876
17,L,007,17031,4302
17,L,007,17043,420
17,L,008,17031,3544
17,L,009,17031,3136
17,L,010,17031,3610
17,L,011,17031,2054
17,L,012,17031,964
17,L,013,17031,1898
17,L,014,17031,1534
17,L,015,17031,3822
17,L,016,17031,3796
17,L,017,17031,3734
17,L,018,17031,3944
17,L,019,17031,3904
17,L,020,17031,4344
17,L,021,17031,3838
17,L,022,17031,3994
17,L,023,17031,2194
17,L,024,17031,2816
17,L,025,17031,2432
17,L,026,17031,2256
17,L,027,17031,4734
17,L,027,17197,58
17,L,028,17031,4870
17,L,029,17031,2976
17,L,029,17091,968
17,L,029,17197,1050
17,L,030,17031,5716
17,L,031,17031,3534
17,L,032,17031,3712
17,L,033,17031,5006
17,L,034,17031,3902
17,L,034,17091,2150
17,L,034,17197,150
17,L,035,17031,4162
17,L,036,17031,3706
17,L,037,17031,718
17,L,037,17197,3252
17,L,038,17031,2756
17,L,038,17197,1122
17,L,039,17031,2852
17,L,040,17031,2612
17,L,041,17043,2110
17,L,041,17197,872
17,L,042,17043,3564
17,L,043,17031,822
17,L,043,17089,2028
17,L,044,17031,2118
17,L,045,17031,112
17,L,045,17043,3686
17,L,046,17043,3236
17,L,047,17043,4034
17,L,048,17031,874
17,L,048,17043,3064
17,L,049,17031,614
17,L,049,17043,2692
17,L,049,17089,702
17,L,050,17043,198
17,L,050,17089,3342
17,L,051,17031,1674
17,L,051,17097,1876
17,L,052,17031,776
17,L,052,17089,10
17,L,052,17097,3268
17,L,052,17111,996
17,L,053,17031,2626
17,L,054,17031,2598
17,L,055,17031,2828
17,L,056,17031,2558
17,L,056,17043,196
17,L,057,17031,2676
17,L,057,17097,190
17,L,058,17031,236
17,L,058,17097,3582
17,L,059,17031,146
17,L,059,17097,2976
17,L,060,17097,2944
17,L,061,17097,4660
17,L,062,17097,3582
17,L,063,17111,4814
17,L,064,17097,3180
17,L,064,17111,2708
17,L,065,17043,134
17,L,065,17089,4160
17,L,066,17089,2338
17,L,066,17111,1362
17,L,067,17201,6712
17,L,068,17007,1246
17,L,068,17201,3918
17,L,069,17007,1246
17,L,069,17111,3846
17,L,069,17201,340
17,L,070,17037,2138
17,L,070,17089,3442
17,L,070,17111,392
17,L,071,17073,1236
17,L,071,17095,2666
17,L,071,17109,1988
17,L,071,17131,732
17,L,071,17161,1118
17,L,071,17187,2438
17,L,072,17161,5288
17,L,073,17011,4856
17,L,073,17073,1278
17,L,073,17103,500
17,L,073,17123,218
17,L,073,17143,1896
17,L,073,17161,846
17,L,073,17175,372
17,L,073,17195,3178
17,L,073,17203,584
17,L,074,17037,1038
17,L,074,17099,2052
17,L,074,17103,4304
17,L,074,17141,2214
17,L,074,17195,3776
17,L,075,17037,620
17,L,075,17063,1492
17,L,075,17093,3696
17,L,075,17099,1022
17,L,075,17197,28
17,L,076,17011,1090
17,L,076,17037,1564
17,L,076,17099,5142
17,L,077,17031,3204
17,L,077,17043,964
17,L,078,17031,3966
17,L,079,17031,214
17,L,079,17063,414
17,L,079,17091,4426
17,L,079,17197,1254
17,L,080,17031,2466
17,L,080,17197,2934
17,L,081,17043,3026
17,L,082,17031,2586
17,L,082,17043,2022
17,L,082,17197,134
17,L,083,17089,3146
17,L,083,17093,1084
17,L,084,17043,866
17,L,084,17089,486
17,L,084,17093,700
17,L,084,17197,476
17,L,085,17043,212
17,L,085,17197,3024
17,L,086,17197,5832
17,L,087,17039,2124
17,L,087,17107,5258
17,L,087,17113,1138
17,L,087,17115,898
17,L,087,17125,76
17,L,087,17167,682
17,L,087,17179,4082
17,L,087,17203,68
17,L,088,17039,1260
17,L,088,17105,52
17,L,088,17113,5120
17,L,088,17115,2512
17,L,088,17147,2940
17,L,089,17007,308
17,L,089,17015,2572
17,L,089,17037,1176
17,L,089,17085,3298
17,L,089,17141,3642
17,L,089,17177,1586
17,L,089,17201,1242
17,L,090,17007,182
17,L,090,17177,2550
17,L,090,17201,4280
17,L,091,17113,3534
17,L,091,17143,380
17,L,091,17179,1292
17,L,091,17203,476
17,L,092,17143,4920
17,L,093,17057,166
17,L,093,17073,3248
17,L,093,17095,1994
17,L,093,17143,2916
17,L,093,17175,980
17,L,093,17179,2712
17,L,094,17001,840
17,L,094,17057,5448
17,L,094,17067,4316
17,L,094,17071,2070
17,L,094,17095,856
17,L,094,17109,2094
17,L,094,17125,3066
17,L,094,17131,2228
17,L,094,17143,24
17,L,094,17161,776
17,L,094,17169,596
17,L,094,17179,312
17,L,094,17187,768
17,L,095,17021,1114
17,L,095,17115,144
17,L,095,17167,6900
17,L,096,17021,346
17,L,096,17115,3718
17,L,096,17167,2934
17,L,097,17093,368
17,L,097,17197,2636
17,L,098,17197,2924
17,L,099,17001,4228
17,L,099,17009,936
17,L,099,17017,2524
17,L,099,17137,2730
17,L,099,17169,966
17,L,100,17001,1062
17,L,100,17009,246
17,L,100,17013,842
17,L,100,17061,2722
17,L,100,17083,2008
17,L,100,17117,1980
17,L,100,17119,1280
17,L,100,17137,1304
17,L,100,17149,4014
17,L,100,17171,1322
17,L,101,17019,4094
17,L,101,17029,4292
17,L,101,17041,3390
17,L,101,17053,404
17,L,101,17139,120
17,L,101,17183,2344
17,L,102,17019,852
17,L,102,17023,3280
17,L,102,17029,810
17,L,102,17033,3018
17,L,102,17035,1974
17,L,102,17041,160
17,L,102,17045,4044
17,L,102,17049,318
17,L,102,17079,2224
17,L,102,17101,2418
17,L,102,17183,2102
17,L,103,17019,3570
17,L,104,17019,3728
17,L,104,17183,5440
17,L,105,17011,400
17,L,105,17099,718
17,L,105,17105,2586
17,L,105,17113,1454
17,L,105,17123,2408
17,L,105,17143,128
17,L,105,17155,1088
17,L,105,17179,896
17,L,105,17203,3136
17,L,106,17053,2606
17,L,106,17063,3528
17,L,106,17075,6422
17,L,106,17091,2
17,L,106,17099,2328
17,L,106,17105,4268
17,L,106,17113,540
17,L,106,17197,56
17,L,107,17021,3198
17,L,107,17035,472
17,L,107,17049,2952
17,L,107,17115,1302
17,L,107,17135,1076
17,L,107,17139,2192
17,L,107,17173,5210
17,L,108,17021,696
17,L,108,17117,5230
17,L,108,17129,1916
17,L,108,17135,4250
17,L,108,17167,4164
17,L,109,17005,1908
17,L,109,17027,2174
17,L,109,17119,3962
17,L,109,17163,542
17,L,109,17189,2200
17,L,110,17005,696
17,L,110,17025,2756
17,L,110,17027,2050
17,L,110,17049,744
17,L,110,17051,4308
17,L,110,17121,6024
17,L,110,17135,366
17,L,110,17159,2402
17,L,111,17119,7438
17,L,112,17119,3774
17,L,112,17163,1532
17,L,113,17119,500
17,L,113,17163,5832
17,L,114,17163,9610
17,L,115,17077,2318
17,L,115,17133,2930
17,L,115,17145,2690
17,L,115,17157,4394
17,L,115,17163,760
17,L,115,17189,610
17,L,116,17047,1240
17,L,116,17055,4136
17,L,116,17065,1746
17,L,116,17081,5070
17,L,116,17121,78
17,L,116,17185,1740
17,L,116,17189,24
17,L,116,17191,3408
17,L,116,17193,2102
17,L,117,17055,3340
17,L,117,17059,1462
17,L,117,17065,656
17,L,117,17069,640
17,L,117,17087,2038
17,L,117,17127,1918
17,L,117,17151,692
17,L,117,17165,3872
17,L,117,17193,974
17,L,117,17199,2744
17,L,118,17003,1634
17,L,118,17077,3228
17,L,118,17153,1856
17,L,118,17181,2526
17,L,118,17199,4936
17,L,ZZZ,17031,100
17,L,ZZZ,17097,44
17,U,001,17031,7632
17,U,002,17031,5656
17,U,003,17031,6182
17,U,004,17031,7846
17,U,004,17043,420
17,U,005,17031,6746
17,U,006,17031,3018
17,U,007,17031,3432
17,U,008,17031,7618
17,U,009,17031,7678
17,U,010,17031,8248
17,U,011,17031,7832
17,U,012,17031,5010
17,U,013,17031,4688
17,U,014,17031,9604
17,U,014,17197,58
17,U,015,17031,8692
17,U,015,17091,968
17,U,015,17197,1050
17,U,016,17031,7246
17,U,017,17031,8908
17,U,017,17091,2150
17,U,017,17197,150
17,U,018,17031,7868
17,U,019,17031,3474
17,U,019,17197,4374
17,U,020,17031,5464
17,U,021,17043,5674
17,U,021,17197,872
17,U,022,17031,2940
17,U,022,17089,2028
17,U,023,17031,112
17,U,023,17043,6922
17,U,024,17031,874
17,U,024,17043,7098
17,U,025,17031,614
17,U,025,17043,2890
17,U,025,17089,4044
17,U,026,17031,2450
17,U,026,17089,10
17,U,026,17097,5144
17,U,026,17111,996
17,U,027,17031,5224
17,U,028,17031,5386
17,U,028,17043,196
17,U,029,17031,2912
17,U,029,17097,3772
17,U,030,17031,146
17,U,030,17097,5920
17,U,031,17097,8242
17,U,032,17097,3180
17,U,032,17111,7522
17,U,033,17043,134
17,U,033,17089,6498
17,U,033,17111,1362
17,U,034,17007,1246
17,U,034,17201,10630
17,U,035,17007,1246
17,U,035,17037,2138
17,U,035,17089,3442
17,U,035,17111,4238
17,U,035,17201,340
17,U,036,17073,1236
17,U,036,17095,2666
17,U,036,17109,1988
17,U,036,17131,732
17,U,036,17161,6406
17,U,036,17187,2438
17,U,037,17011,4856
17,U,037,17037,1038
17,U,037,17073,1278
17,U,037,17099,2052
17,U,037,17103,4804
17,U,037,17123,218
17,U,037,17141,2214
17,U,037,17143,1896
17,U,037,17161,846
17,U,037,17175,372
17,U,037,17195,6954
17,U,037,17203,584
17,U,038,17011,1090
17,U,038,17037,2184
17,U,038,17063,1492
17,U,038,17093,3696
17,U,038,17099,6164
17,U,038,17197,28
17,U,039,17031,7170
17,U,039,17043,964
17,U,040,17031,2680
17,U,040,17063,414
17,U,040,17091,4426
17,U,040,17197,4188
17,U,041,17031,2586
17,U,041,17043,5048
17,U,041,17197,134
17,U,042,17043,866
17,U,042,17089,3632
17,U,042,17093,1784
17,U,042,17197,476
17,U,043,17043,212
17,U,043,17197,8856
17,U,044,17039,3384
17,U,044,17105,52
17,U,044,17107,5258
17,U,044,17113,6258
17,U,044,17115,3410
17,U,044,17125,76
17,U,044,17147,2940
17,U,044,17167,682
17,U,044,17179,4082
17,U,044,17203,68
17,U,045,17007,490
17,U,045,17015,2572
17,U,045,17037,1176
17,U,045,17085,3298
17,U,045,17141,3642
17,U,045,17177,4136
17,U,045,17201,5522
17,U,046,17113,3534
17,U,046,17143,5300
17,U,046,17179,1292
17,U,046,17203,476
17,U,047,17001,840
17,U,047,17057,5614
17,U,047,17067,4316
17,U,047,17071,2070
17,U,047,17073,3248
17,U,047,17095,2850
17,U,047,17109,2094
17,U,047,17125,3066
17,U,047,17131,2228
17,U,047,17143,2940
17,U,047,17161,776
17,U,047,17169,596
17,U,047,17175,980
17,U,047,17179,3024
17,U,047,17187,768
17,U,048,17021,1460
17,U,048,17115,3862
17,U,048,17167,9834
17,U,049,17093,368
17,U,049,17197,5560
17,U,050,17001,5290
17,U,050,17009,1182
17,U,050,17013,842
17,U,050,17017,2524
17,U,050,17061,2722
17,U,050,17083,2008
17,U,050,17117,1980
17,U,050,17119,1280
17,U,050,17137,4034
17,U,050,17149,4014
17,U,050,17169,966
17,U,050,17171,1322
17,U,051,17019,4946
17,U,051,17023,3280
17,U,051,17029,5102
17,U,051,17033,3018
17,U,051,17035,1974
17,U,051,17041,3550
17,U,051,17045,4044
17,U,051,17049,318
17,U,051,17053,404
17,U,051,17079,2224
17,U,051,17101,2418
17,U,051,17139,120
17,U,051,17183,4446
17,U,052,17019,7298
17,U,052,17183,5440
17,U,053,17011,400
17,U,053,17053,2606
17,U,053,17063,3528
17,U,053,17075,6422
17,U,053,17091,2
17,U,053,17099,3046
17,U,053,17105,6854
17,U,053,17113,1994
17,U,053,17123,2408
17,U,053,17143,128
17,U,053,17155,1088
17,U,053,17179,896
17,U,053,17197,56
17,U,053,17203,3136
17,U,054,17021,3894
17,U,054,17035,472
17,U,054,17049,2952
17,U,054,17115,1302
17,U,054,17117,5230
17,U,054,17129,1916
17,U,054,17135,5326
17,U,054,17139,2192
17,U,054,17167,4164
17,U,054,17173,5210
17,U,055,17005,2604
17,U,055,17025,2756
17,U,055,17027,4224
17,U,055,17049,744
17,U,055,17051,4308
17,U,055,17119,3962
17,U,055,17121,6024
17,U,055,17135,366
17,U,055,17159,2402
17,U,055,17163,542
17,U,055,17189,2200
17,U,056,17119,11212
17,U,056,17163,1532
17,U,057,17119,500
17,U,057,17163,15442
17,U,058,17047,1240
17,U,058,17055,4136
17,U,058,17065,1746
17,U,058,17077,2318
17,U,058,17081,5070
17,U,058,17121,78
17,U,058,17133,2930
17,U,058,17145,2690
17,U,058,17157,4394
17,U,058,17163,760
17,U,058,17185,1740
17,U,058,17189,634
17,U,058,17191,3408
17,U,058,17193,2102
17,U,059,17003,1634
17,U,059,17055,3340
17,U,059,17059,1462
17,U,059,17065,656
17,U,059,17069,640
17,U,059,17077,3228
17,U,059,17087,2038
17,U,059,17127,1918
17,U,059,17151,692
17,U,059,17153,1856
17,U,059,17165,3872
17,U,059,17181,2526
17,U,059,17193,974
17,U,059,17199,7680
17,U,ZZZ,17031,100
17,U,ZZZ,17097,44
18,L,001,18089,3082
18,L,002,18089,4096
18,L,003,18089,4924
18,L,004,18127,2728
18,L,005,18141,3208
18,L,006,18141,5888
18,L,007,18091,154
18,L,007,18099,164
18,L,007,18141,4060
18,L,008,18141,3022
18,L,009,18091,3128
18,L,009,18127,1446
18,L,010,18127,2446
18,L,011,18073,850
18,L,011,18089,1782
18,L,011,18111,1466
18,L,011,18127,236
18,L,012,18089,1938
18,L,013,18007,2108
18,L,013,18045,2214
18,L,013,18073,332
18,L,013,18107,218
18,L,013,18111,558
18,L,013,18157,1288
18,L,013,18171,1660
18,L,013,18181,90
18,L,014,18089,2392
18,L,015,18089,2038
18,L,016,18073,1902
18,L,016,18131,2036
18,L,016,18149,1904
18,L,016,18181,3464
18,L,017,18049,2286
18,L,017,18099,4210
18,L,017,18131,568
18,L,018,18039,542
18,L,018,18085,1364
18,L,018,18113,2568
18,L,018,18183,904
18,L,019,18089,1848
18,L,019,18127,422
18,L,020,18091,4574
18,L,020,18149,788
18,L,021,18039,3110
18,L,021,18141,342
18,L,022,18085,5370
18,L,022,18169,338
18,L,023,18017,3930
18,L,023,18103,3090
18,L,024,18011,290
18,L,024,18057,2200
18,L,025,18011,1496
18,L,025,18063,874
18,L,026,18157,1546
18,L,027,18157,2574
18,L,028,18011,426
18,L,028,18063,3096
18,L,028,18107,762
18,L,029,18057,2348
18,L,030,18053,254
18,L,030,18067,4602
18,L,031,18053,6166
18,L,031,18095,424
18,L,032,18057,1624
18,L,032,18097,194
18,L,033,18009,1860
18,L,033,18035,1388
18,L,033,18065,184
18,L,033,18075,2094
18,L,033,18135,3536
18,L,034,18035,3964
18,L,035,18035,2116
18,L,035,18095,3438
18,L,036,18095,3630
18,L,037,18057,2690
18,L,038,18015,2746
18,L,038,18017,460
18,L,038,18023,752
18,L,038,18067,1046
18,L,038,18157,522
18,L,038,18159,1918
18,L,039,18057,1722
18,L,040,18063,2330
18,L,041,18011,1936
18,L,041,18023,2466
18,L,041,18107,108
18,L,041,18157,874
18,L,042,18021,1860
18,L,042,18045,356
18,L,042,18121,2312
18,L,042,18165,2860
18,L,042,18167,950
18,L,043,18167,7028
18,L,044,18107,2322
18,L,044,18133,2872
18,L,045,18027,668
18,L,045,18055,3910
18,L,045,18083,1706
18,L,045,18153,3120
18,L,045,18167,500
18,L,046,18021,1202
18,L,046,18105,832
18,L,046,18119,1962
18,L,046,18167,1324
18,L,047,18081,2766
18,L,047,18145,1234
18,L,048,18039,3068
18,L,049,18039,2442
18,L,050,18069,3794
18,L,050,18103,284
18,L,050,18169,3318
18,L,050,18179,120
18,L,051,18087,2584
18,L,051,18151,2372
18,L,052,18033,3950
18,L,052,18113,922
18,L,052,18151,784
18,L,053,18059,2662
18,L,053,18095,710
18,L,054,18059,134
18,L,054,18065,4716
18,L,054,18139,2162
18,L,054,18145,254
18,L,055,18031,534
18,L,055,18041,2012
18,L,055,18047,2286
18,L,055,18137,928
18,L,055,18139,66
18,L,055,18161,1020
18,L,056,18065,84
18,L,056,18177,5242
18,L,057,18063,886
18,L,057,18081,648
18,L,057,18109,990
18,L,058,18081,1976
18,L,059,18005,3640
18,L,060,18081,344
18,L,060,18105,246
18,L,060,18109,3596
18,L,061,18105,1930
18,L,062,18013,1170
18,L,062,18071,398
18,L,062,18105,1790
18,L,063,18027,3326
18,L,063,18037,2080
18,L,063,18101,2000
18,L,063,18125,404
18,L,064,18051,3622
18,L,064,18083,3172
18,L,064,18163,514
18,L,065,18071,280
18,L,065,18093,3620
18,L,065,18117,1980
18,L,065,18175,462
18,L,066,18019,2636
18,L,066,18077,414
18,L,066,18143,962
18,L,067,18031,416
18,L,067,18077,2114
18,L,067,18079,1984
18,L,067,18137,1882
18,L,068,18029,2752
18,L,068,18077,190
18,L,068,18115,506
18,L,068,18155,1094
18,L,069,18005,154
18,L,069,18071,3160
18,L,069,18143,722
18,L,069,18175,1274
18,L,070,18019,350
18,L,070,18043,402
18,L,070,18061,2270
18,L,070,18175,864
18,L,071,18019,2800
18,L,071,18043,82
18,L,072,18043,2300
18,L,073,18005,1232
18,L,073,18031,1718
18,L,073,18079,446
18,L,073,18145,2262
18,L,074,18025,1644
18,L,074,18037,1564
18,L,074,18117,300
18,L,074,18123,2116
18,L,074,18147,3012
18,L,075,18051,1076
18,L,075,18125,1942
18,L,075,18173,3132
18,L,076,18129,2854
18,L,076,18163,1306
18,L,077,18163,3488
18,L,078,18163,1780
18,L,078,18173,338
18,L,079,18001,2582
18,L,079,18075,636
18,L,079,18179,2314
18,L,080,18003,2298
18,L,081,18003,1914
18,L,082,18003,3260
18,L,083,18003,1066
18,L,083,18183,1420
18,L,084,18003,1530
18,L,085,18003,4144
18,L,086,18097,2038
18,L,087,18097,1718
18,L,088,18057,388
18,L,088,18059,1098
18,L,088,18095,450
18,L,088,18097,280
18,L,089,18097,1918
18,L,090,18097,1166
18,L,091,18097,1702
18,L,092,18097,1554
18,L,093,18097,1418
18,L,094,18097,1070
18,L,095,18097,1602
18,L,096,18097,2976
18,L,097,18097,3066
18,L,098,18097,2030
18,L,099,18097,2284
18,L,100,18097,2638
18,U,001,18089,3882
18,U,002,18089,5298
18,U,003,18089,9430
18,U,004,18091,2860
18,U,004,18127,3892
18,U,005,18073,1094
18,U,005,18127,3386
18,U,005,18131,2604
18,U,005,18181,3554
18,U,006,18007,2108
18,U,006,18073,1990
18,U,006,18089,3490
18,U,006,18111,2024
18,U,007,18011,3440
18,U,007,18023,3218
18,U,007,18063,1162
18,U,007,18107,2622
18,U,008,18091,4996
18,U,008,18099,3728
18,U,008,18141,984
18,U,008,18149,2692
18,U,009,18039,1124
18,U,009,18085,4424
18,U,009,18099,646
18,U,009,18141,3312
18,U,010,18141,9330
18,U,011,18039,2260
18,U,011,18141,2894
18,U,012,18039,5778
18,U,013,18033,1252
18,U,013,18087,2584
18,U,013,18113,3490
18,U,013,18151,3156
18,U,014,18003,5506
18,U,014,18033,2698
18,U,015,18003,3356
18,U,016,18003,3504
18,U,016,18183,2324
18,U,017,18053,6420
18,U,017,18069,3794
18,U,017,18169,3656
18,U,018,18017,4390
18,U,018,18049,2286
18,U,018,18067,1396
18,U,018,18085,2310
18,U,018,18103,3374
18,U,019,18001,2582
18,U,019,18003,1846
18,U,019,18009,1860
18,U,019,18075,2730
18,U,019,18179,2434
18,U,020,18057,4508
18,U,021,18057,1976
18,U,021,18067,4252
18,U,021,18159,1918
18,U,022,18015,2746
18,U,022,18157,4644
18,U,023,18045,2570
18,U,023,18107,788
18,U,023,18121,2312
18,U,023,18157,2160
18,U,023,18165,2860
18,U,023,18171,1660
18,U,024,18063,4204
18,U,024,18133,1924
18,U,025,18057,598
18,U,025,18095,8652
18,U,026,18035,7468
18,U,026,18135,3536
18,U,027,18047,1150
18,U,027,18065,4984
18,U,027,18161,1020
18,U,027,18177,5242
18,U,028,18059,3894
18,U,028,18097,534
18,U,028,18145,2288
18,U,029,18011,708
18,U,029,18057,1198
18,U,029,18097,1370
18,U,030,18097,3378
18,U,031,18057,2692
18,U,031,18097,532
18,U,032,18081,1038
18,U,032,18097,2178
18,U,033,18097,4398
18,U,034,18097,3870
18,U,035,18063,1820
18,U,035,18097,2872
18,U,036,18081,682
18,U,036,18097,2310
18,U,037,18081,1338
18,U,037,18109,4586
18,U,037,18119,1166
18,U,037,18133,948
18,U,038,18021,3062
18,U,038,18153,860
18,U,038,18167,9802
18,U,039,18027,3994
18,U,039,18055,3910
18,U,039,18083,4878
18,U,039,18101,2000
18,U,039,18119,796
18,U,039,18153,2260
18,U,040,18105,4370
18,U,041,18005,5026
18,U,041,18081,2676
18,U,042,18031,2668
18,U,042,18041,2012
18,U,042,18047,1136
18,U,042,18079,1466
18,U,042,18137,2810
18,U,042,18139,2228
18,U,042,18145,1462
18,U,043,18029,2752
18,U,043,18077,2718
18,U,043,18079,964
18,U,043,18115,506
18,U,043,18143,1684
18,U,043,18155,1094
18,U,044,18013,1170
18,U,044,18071,3838
18,U,044,18093,3620
18,U,044,18105,428
18,U,044,18117,2280
18,U,045,18019,5786
18,U,045,18043,326
18,U,046,18097,6212
18,U,047,18043,2458
18,U,047,18061,2270
18,U,047,18175,2600
18,U,048,18025,1644
18,U,048,18037,3644
18,U,048,18051,4698
18,U,048,18123,2116
18,U,048,18125,2346
18,U,048,18147,3012
18,U,049,18129,2854
18,U,049,18163,4888
18,U,050,18163,2200
18,U,050,18173,3470
19,L,001,19193,2044
19,L,002,19193,2072
19,L,003,19149,2202
19,L,003,19167,2412
19,L,004,19119,2148
19,L,004,19167,1700
19,L,005,19021,612
19,L,005,19035,1750
19,L,005,19141,3128
19,L,005,19143,1958
19,L,006,19021,2342
19,L,006,19041,2130
19,L,007,19025,3002
19,L,007,19151,3016
19,L,007,19161,3058
19,L,007,19187,1668
19,L,008,19187,3344
19,L,009,19063,1856
19,L,009,19109,3318
19,L,009,19189,1878
19,L,010,19041,944
19,L,010,19059,2568
19,L,010,19109,968
19,L,010,19147,2988
19,L,011,19009,1910
19,L,011,19027,3360
19,L,011,19155,462
19,L,011,19165,1114
19,L,012,19047,3948
19,L,012,19093,2188
19,L,012,19165,1890
19,L,013,19035,1224
19,L,013,19133,2982
19,L,013,19149,1870
19,L,013,19193,2918
19,L,014,19193,2238
19,L,015,19085,3410
19,L,015,19155,1522
19,L,016,19071,2488
19,L,016,19129,2400
19,L,016,19155,2538
19,L,017,19003,2032
19,L,017,19145,1230
19,L,017,19159,3568
19,L,017,19173,3892
19,L,017,19175,2476
19,L,018,19029,3144
19,L,018,19137,2770
19,L,018,19145,2132
19,L,019,19155,1374
19,L,020,19155,1692
19,L,021,19125,1048
19,L,021,19181,1316
19,L,022,19181,2392
19,L,023,19001,2476
19,L,023,19039,456
19,L,023,19049,624
19,L,023,19121,2982
19,L,023,19175,694
19,L,024,19007,332
19,L,024,19039,1422
19,L,024,19053,2100
19,L,024,19117,1582
19,L,024,19185,2304
19,L,025,19179,3252
19,L,026,19007,2150
19,L,026,19051,2218
19,L,026,19135,1532
19,L,026,19179,896
19,L,027,19049,864
19,L,028,19049,1344
19,L,029,19153,958
19,L,030,19153,984
19,L,031,19049,68
19,L,031,19153,848
19,L,032,19153,954
19,L,033,19153,1344
19,L,034,19153,1052
19,L,035,19153,898
19,L,036,19153,1188
19,L,037,19099,1016
19,L,037,19123,852
19,L,037,19125,2220
19,L,038,19099,3812
19,L,039,19153,1036
19,L,040,19153,1148
19,L,041,19153,710
19,L,042,19153,924
19,L,043,19153,938
19,L,044,19153,1120
19,L,045,19153,2422
19,L,046,19049,1002
19,L,046,19153,426
19,L,047,19049,1390
19,L,047,19073,2712
19,L,047,19077,2890
19,L,048,19015,4020
19,L,048,19169,386
19,L,049,19169,1066
19,L,050,19169,746
19,L,051,19127,2084
19,L,051,19169,2786
19,L,052,19127,2036
19,L,053,19157,3328
19,L,053,19171,2938
19,L,054,19013,628
19,L,054,19075,2060
19,L,054,19083,3408
19,L,055,19069,2870
19,L,055,19079,2864
19,L,055,19169,610
19,L,055,19197,752
19,L,056,19081,2692
19,L,056,19091,2278
19,L,056,19197,2476
19,L,057,19017,1464
19,L,057,19023,2822
19,L,058,19017,1372
19,L,058,19037,2546
19,L,058,19067,2322
19,L,059,19033,3004
19,L,060,19033,1542
19,L,060,19067,666
19,L,060,19131,2312
19,L,060,19195,2084
19,L,061,19013,1430
19,L,062,19013,2350
19,L,063,19065,676
19,L,063,19089,1914
19,L,063,19191,2960
19,L,064,19005,2282
19,L,064,19043,2998
19,L,064,19061,82
19,L,065,19061,2374
19,L,066,19097,2276
19,L,066,19105,2920
19,L,067,19019,2006
19,L,067,19055,2924
19,L,067,19061,272
19,L,068,19013,1022
19,L,068,19019,1390
19,L,068,19065,3240
19,L,069,19045,2136
19,L,070,19045,2056
19,L,070,19097,820
19,L,070,19163,736
19,L,071,19061,1378
19,L,072,19061,1196
19,L,073,19113,1004
19,L,074,19113,1110
19,L,075,19013,1368
19,L,076,19011,378
19,L,076,19013,1894
19,L,076,19171,672
19,L,077,19113,1244
19,L,078,19113,1520
19,L,079,19113,830
19,L,080,19113,1110
19,L,081,19163,988
19,L,082,19031,3016
19,L,082,19139,898
19,L,082,19163,786
19,L,083,19113,3382
19,L,084,19011,3766
19,L,084,19113,742
19,L,085,19103,1106
19,L,086,19103,810
19,L,087,19087,1398
19,L,087,19101,1496
19,L,087,19177,1742
19,L,088,19101,1182
19,L,088,19107,2418
19,L,088,19123,2178
19,L,089,19103,816
19,L,090,19103,912
19,L,091,19095,2716
19,L,091,19103,1222
19,L,092,19103,1104
19,L,092,19183,3078
19,L,093,19163,1192
19,L,094,19163,1478
19,L,095,19057,1276
19,L,095,19087,1792
19,L,095,19115,2064
19,L,095,19139,866
19,L,096,19139,1792
19,L,097,19163,2208
19,L,098,19163,2358
19,L,099,19057,2224
19,L,099,19111,348
19,L,100,19111,3540
19,U,001,19193,4116
19,U,002,19119,2148
19,U,002,19149,2202
19,U,002,19167,4112
19,U,003,19021,2954
19,U,003,19035,1750
19,U,003,19041,2130
19,U,003,19141,3128
19,U,003,19143,1958
19,U,004,19025,3002
19,U,004,19151,3016
19,U,004,19161,3058
19,U,004,19187,5012
19,U,005,19041,944
19,U,005,19059,2568
19,U,005,19063,1856
19,U,005,19109,4286
19,U,005,19147,2988
19,U,005,19189,1878
19,U,006,19009,1910
19,U,006,19027,3360
19,U,006,19047,3948
19,U,006,19093,2188
19,U,006,19155,462
19,U,006,19165,3004
19,U,007,19035,1224
19,U,007,19133,2982
19,U,007,19149,1870
19,U,007,19193,5156
19,U,008,19071,2488
19,U,008,19085,3410
19,U,008,19129,2400
19,U,008,19155,4060
19,U,009,19003,2032
19,U,009,19029,3144
19,U,009,19137,2770
19,U,009,19145,3362
19,U,009,19159,3568
19,U,009,19173,3892
19,U,009,19175,2476
19,U,010,19155,3066
19,U,011,19125,1048
19,U,011,19181,3708
19,U,012,19001,2476
19,U,012,19007,332
19,U,012,19039,1878
19,U,012,19049,624
19,U,012,19053,2100
19,U,012,19117,1582
19,U,012,19121,2982
19,U,012,19175,694
19,U,012,19185,2304
19,U,013,19007,2150
19,U,013,19051,2218
19,U,013,19135,1532
19,U,013,19179,4148
19,U,014,19049,2208
19,U,015,19153,1942
19,U,016,19049,68
19,U,016,19153,1802
19,U,017,19153,2396
19,U,018,19153,2086
19,U,019,19099,4828
19,U,019,19123,852
19,U,019,19125,2220
19,U,020,19153,2184
19,U,021,19153,1634
19,U,022,19153,2058
19,U,023,19049,1002
19,U,023,19153,2848
19,U,024,19015,4020
19,U,024,19049,1390
19,U,024,19073,2712
19,U,024,19077,2890
19,U,024,19169,386
19,U,025,19169,1812
19,U,026,19127,4120
19,U,026,19169,2786
19,U,027,19013,628
19,U,027,19075,2060
19,U,027,19083,3408
19,U,027,19157,3328
19,U,027,19171,2938
19,U,028,19069,2870
19,U,028,19079,2864
19,U,028,19081,2692
19,U,028,19091,2278
19,U,028,19169,610
19,U,028,19197,3228
19,U,029,19017,2836
19,U,029,19023,2822
19,U,029,19037,2546
19,U,029,19067,2322
19,U,030,19033,4546
19,U,030,19067,666
19,U,030,19131,2312
19,U,030,19195,2084
19,U,031,19013,3780
19,U,032,19005,2282
19,U,032,19043,2998
19,U,032,19061,82
19,U,032,19065,676
19,U,032,19089,1914
19,U,032,19191,2960
19,U,033,19061,2374
19,U,033,19097,2276
19,U,033,19105,2920
19,U,034,19013,1022
19,U,034,19019,3396
19,U,034,19055,2924
19,U,034,19061,272
19,U,034,19065,3240
19,U,035,19045,4192
19,U,035,19097,820
19,U,035,19163,736
19,U,036,19061,2574
19,U,037,19113,2114
19,U,038,19011,378
19,U,038,19013,3262
19,U,038,19171,672
19,U,039,19113,2764
19,U,040,19113,1940
19,U,041,19031,3016
19,U,041,19139,898
19,U,041,19163,1774
19,U,042,19011,3766
19,U,042,19113,4124
19,U,043,19103,1916
19,U,044,19087,1398
19,U,044,19101,2678
19,U,044,19107,2418
19,U,044,19123,2178
19,U,044,19177,1742
19,U,045,19103,1728
19,U,046,19095,2716
19,U,046,19103,2326
19,U,046,19183,3078
19,U,047,19163,2670
19,U,048,19057,1276
19,U,048,19087,1792
19,U,048,19115,2064
19,U,048,19139,2658
19,U,049,19163,4566
19,U,050,19057,2224
19,U,050,19111,3888
20,L,001,20021,4070
20,L,001,20099,1336
20,L,002,20037,3170
20,L,002,20133,2132
20,L,003,20037,2290
20,L,004,20011,3290
20,L,004,20107,2810
20,L,005,20045,924
20,L,005,20059,284
20,L,005,20091,450
20,L,005,20121,764
20,L,006,20121,2688
20,L,007,20099,3306
20,L,007,20133,1228
20,L,008,20091,328
20,L,009,20001,3546
20,L,009,20003,2512
20,L,009,20107,280
20,L,009,20121,614
20,L,010,20045,704
20,L,011,20125,4412
20,L,012,20015,1208
20,L,012,20019,1592
20,L,012,20035,1688
20,L,012,20049,1692
20,L,012,20125,1888
20,L,013,20017,1696
20,L,013,20073,2866
20,L,013,20111,708
20,L,013,20205,3008
20,L,013,20207,1684
20,L,014,20091,514
20,L,015,20091,772
20,L,016,20091,472
20,L,017,20091,506
20,L,018,20091,624
20,L,019,20091,686
20,L,020,20091,712
20,L,021,20091,780
20,L,022,20091,678
20,L,023,20091,578
20,L,024,20091,790
20,L,025,20091,986
20,L,026,20091,768
20,L,026,20121,64
20,L,027,20091,704
20,L,028,20091,452
20,L,029,20091,594
20,L,030,20091,612
20,L,031,20209,828
20,L,032,20209,930
20,L,033,20209,1156
20,L,034,20209,758
20,L,035,20209,1134
20,L,036,20209,610
20,L,037,20209,1192
20,L,038,20103,1118
20,L,038,20209,102
20,L,039,20091,512
20,L,040,20103,856
20,L,041,20103,1280
20,L,042,20045,502
20,L,042,20087,258
20,L,042,20103,1152
20,L,043,20045,70
20,L,043,20091,770
20,L,044,20045,464
20,L,045,20045,864
20,L,046,20045,760
20,L,047,20045,614
20,L,047,20085,512
20,L,047,20087,2832
20,L,048,20091,330
20,L,049,20091,390
20,L,050,20177,1594
20,L,051,20149,930
20,L,051,20161,236
20,L,051,20197,2336
20,L,052,20177,752
20,L,053,20177,904
20,L,054,20139,1562
20,L,054,20177,1572
20,L,055,20177,1254
20,L,056,20177,952
20,L,057,20177,1750
20,L,058,20177,1236
20,L,059,20059,3434
20,L,060,20111,1804
20,L,061,20085,1058
20,L,061,20149,2890
20,L,061,20161,112
20,L,062,20013,3166
20,L,062,20085,1030
20,L,062,20131,3450
20,L,063,20005,2416
20,L,063,20043,1842
20,L,064,20027,2524
20,L,064,20029,1208
20,L,064,20041,438
20,L,064,20161,1476
20,L,065,20061,1360
20,L,066,20161,884
20,L,067,20161,694
20,L,068,20061,1618
20,L,068,20127,2224
20,L,068,20161,676
20,L,069,20169,2132
20,L,070,20041,4492
20,L,070,20113,164
20,L,070,20115,2552
20,L,071,20169,1730
20,L,072,20015,74
20,L,072,20079,1988
20,L,072,20173,180
20,L,073,20113,3306
20,L,074,20079,2076
20,L,074,20113,898
20,L,074,20115,1644
20,L,075,20015,3392
20,L,076,20031,3508
20,L,076,20111,2452
20,L,076,20139,2066
20,L,077,20015,1970
20,L,078,20091,484
20,L,079,20035,2300
20,L,079,20191,2376
20,L,080,20035,1356
20,L,080,20191,2342
20,L,081,20173,898
20,L,082,20173,1152
20,L,082,20191,260
20,L,083,20173,994
20,L,084,20173,1290
20,L,085,20015,44
20,L,085,20173,772
20,L,086,20173,1048
20,L,087,20173,890
20,L,088,20015,56
20,L,088,20173,508
20,L,089,20173,782
20,L,090,20173,1698
20,L,091,20173,1398
20,L,092,20173,1032
20,L,093,20173,2094
20,L,094,20173,622
20,L,095,20173,1206
20,L,096,20173,812
20,L,097,20173,1228
20,L,098,20173,1020
20,L,099,20015,344
20,L,099,20173,448
20,L,100,20173,572
20,L,101,20155,754
20,L,101,20173,1310
20,L,102,20155,1734
20,L,103,20173,1528
20,L,104,20113,382
20,L,104,20155,1216
20,L,105,20173,834
20,L,106,20089,2298
20,L,106,20117,4286
20,L,106,20157,2700
20,L,106,20201,3244
20,L,107,20029,1730
20,L,107,20123,2378
20,L,107,20143,1958
20,L,107,20169,746
20,L,108,20091,600
20,L,109,20053,2410
20,L,109,20105,1664
20,L,109,20141,2298
20,L,109,20167,2598
20,L,109,20183,2538
20,L,110,20051,2150
20,L,110,20065,1596
20,L,110,20137,2140
20,L,110,20147,2654
20,L,110,20163,2604
20,L,111,20051,2442
20,L,112,20009,3882
20,L,113,20009,670
20,L,113,20145,1482
20,L,113,20159,3190
20,L,113,20165,2052
20,L,113,20185,2694
20,L,114,20095,2962
20,L,114,20151,1122
20,L,114,20155,3822
20,L,115,20025,1436
20,L,115,20047,1484
20,L,115,20057,2722
20,L,115,20069,1908
20,L,115,20119,1408
20,L,116,20007,2114
20,L,116,20033,1000
20,L,116,20077,2714
20,L,116,20097,1422
20,L,116,20151,1478
20,L,116,20191,1486
20,L,117,20045,484
20,L,117,20091,712
20,L,118,20063,1654
20,L,118,20071,872
20,L,118,20101,1014
20,L,118,20109,1400
20,L,118,20135,1840
20,L,118,20171,1446
20,L,118,20179,1678
20,L,118,20195,1826
20,L,118,20203,1230
20,L,119,20057,1708
20,L,120,20023,1606
20,L,120,20039,1724
20,L,120,20153,1532
20,L,120,20181,2206
20,L,120,20193,2562
20,L,120,20199,834
20,L,121,20091,666
20,L,122,20047,182
20,L,122,20055,2204
20,L,122,20083,1320
20,L,122,20093,1596
20,L,122,20145,922
20,L,123,20055,1124
20,L,124,20067,1748
20,L,124,20075,1248
20,L,124,20081,1666
20,L,124,20129,1424
20,L,124,20187,1204
20,L,124,20189,1736
20,L,125,20119,662
20,L,125,20175,2702
20,U,001,20005,2416
20,U,001,20013,3166
20,U,001,20043,1842
20,U,001,20085,2600
20,U,001,20087,1102
20,U,001,20103,674
20,U,001,20117,2846
20,U,001,20131,3450
20,U,002,20045,2178
20,U,003,20045,1374
20,U,003,20059,2442
20,U,003,20139,3628
20,U,003,20177,992
20,U,004,20209,2716
20,U,005,20103,2430
20,U,005,20209,650
20,U,006,20091,234
20,U,006,20209,2730
20,U,007,20091,2628
20,U,008,20091,1824
20,U,009,20045,1210
20,U,009,20091,1102
20,U,009,20103,1302
20,U,009,20209,614
20,U,010,20091,1798
20,U,011,20091,1716
20,U,012,20001,3546
20,U,012,20003,2512
20,U,012,20031,3508
20,U,012,20059,1276
20,U,012,20107,3090
20,U,012,20121,2656
20,U,012,20205,3008
20,U,012,20207,1684
20,U,013,20011,3290
20,U,013,20021,4070
20,U,013,20037,5460
20,U,014,20015,3600
20,U,014,20017,1696
20,U,014,20073,2866
20,U,014,20113,4750
20,U,014,20115,4196
20,U,015,20019,1592
20,U,015,20049,1692
20,U,015,20099,4642
20,U,015,20125,6300
20,U,015,20133,3360
20,U,016,20015,1890
20,U,016,20173,1734
20,U,017,20061,2978
20,U,017,20111,4964
20,U,017,20127,2224
20,U,018,20087,1988
20,U,018,20149,3820
20,U,018,20177,2574
20,U,019,20045,624
20,U,019,20177,3508
20,U,020,20177,2940
20,U,020,20197,2336
20,U,021,20091,2002
20,U,022,20161,4078
20,U,023,20091,2014
20,U,023,20121,136
20,U,024,20041,4930
20,U,024,20169,4608
20,U,025,20173,3474
20,U,026,20173,4832
20,U,027,20173,2002
20,U,028,20173,2974
20,U,029,20173,3384
20,U,030,20173,2884
20,U,030,20191,218
20,U,031,20079,4064
20,U,031,20173,3032
20,U,032,20015,1598
20,U,032,20035,5344
20,U,032,20077,2714
20,U,032,20191,6246
20,U,033,20009,4552
20,U,033,20033,1000
20,U,033,20047,1666
20,U,033,20053,2410
20,U,033,20097,1422
20,U,033,20135,1840
20,U,033,20145,2404
20,U,033,20151,2600
20,U,033,20159,3190
20,U,033,20165,2052
20,U,033,20185,2694
20,U,034,20007,2114
20,U,034,20095,2962
20,U,034,20155,7526
20,U,035,20091,1294
20,U,036,20027,2524
20,U,036,20029,2938
20,U,036,20089,2298
20,U,036,20105,1664
20,U,036,20117,1440
20,U,036,20123,2378
20,U,036,20141,2298
20,U,036,20143,1958
20,U,036,20147,1696
20,U,036,20157,2700
20,U,036,20163,2604
20,U,036,20167,2598
20,U,036,20183,2538
20,U,036,20201,3244
20,U,037,20091,1858
20,U,037,20121,1338
20,U,038,20025,1436
20,U,038,20057,4430
20,U,038,20069,1908
20,U,038,20081,1666
20,U,038,20083,1320
20,U,038,20119,2070
20,U,038,20175,2702
20,U,039,20055,3328
20,U,039,20067,1748
20,U,039,20071,872
20,U,039,20075,1248
20,U,039,20093,1596
20,U,039,20101,1014
20,U,039,20129,1424
20,U,039,20171,1446
20,U,039,20187,1204
20,U,039,20189,1736
20,U,039,20203,1230
20,U,040,20023,1606
20,U,040,20039,1724
20,U,040,20051,4592
20,U,040,20063,1654
20,U,040,20065,1596
20,U,040,20109,1400
20,U,040,20137,2140
20,U,040,20147,958
20,U,040,20153,1532
20,U,040,20179,1678
20,U,040,20181,2206
20,U,040,20193,2562
20,U,040,20195,1826
20,U,040,20199,834
21,L,001,21007,1320
21,L,001,21039,976
21,L,001,21075,1244
21,L,001,21105,1156
21,L,001,21145,2046
21,L,002,21083,4574
21,L,002,21145,510
21,L,003,21139,1598
21,L,003,21145,2498
21,L,004,21107,4086
21,L,005,21035,3308
21,L,005,21221,1076
21,L,006,21143,1566
21,L,006,21145,280
21,L,006,21157,3688
21,L,007,21059,2230
21,L,008,21033,1472
21,L,008,21047,1518
21,L,008,21221,780
21,L,009,21047,2082
21,L,010,21027,1812
21,L,010,21093,1028
21,L,011,21101,2824
21,L,012,21055,1050
21,L,012,21149,1480
21,L,012,21225,2000
21,L,012,21233,2456
21,L,013,21059,2178
21,L,014,21059,794
21,L,014,21091,1180
21,L,014,21183,2700
21,L,015,21031,1260
21,L,015,21177,3054
21,L,016,21047,546
21,L,016,21141,2830
21,L,016,21219,1240
21,L,017,21227,1470
21,L,018,21085,1998
21,L,018,21093,1124
21,L,019,21061,792
21,L,019,21227,1820
21,L,020,21227,1516
21,L,021,21001,1766
21,L,021,21057,1186
21,L,021,21169,1258
21,L,021,21171,1198
21,L,022,21003,1366
21,L,022,21213,1398
21,L,022,21227,250
21,L,023,21009,2906
21,L,024,21087,1102
21,L,024,21099,1622
21,L,024,21123,1236
21,L,025,21093,1816
21,L,026,21029,1184
21,L,026,21093,1056
21,L,027,21093,514
21,L,027,21163,1414
21,L,028,21111,982
21,L,029,21111,844
21,L,030,21111,916
21,L,031,21111,1108
21,L,032,21111,1136
21,L,033,21111,774
21,L,033,21185,370
21,L,033,21211,64
21,L,034,21111,1630
21,L,035,21111,1186
21,L,036,21111,1206
21,L,037,21029,112
21,L,037,21111,834
21,L,038,21111,944
21,L,039,21067,234
21,L,039,21113,940
21,L,040,21111,1816
21,L,041,21111,1296
21,L,042,21111,1816
21,L,043,21111,2422
21,L,044,21111,1142
21,L,045,21067,1010
21,L,045,21113,202
21,L,046,21111,802
21,L,047,21041,1180
21,L,047,21103,1192
21,L,047,21187,1146
21,L,047,21223,670
21,L,048,21111,1118
21,L,048,21185,162
21,L,049,21029,1352
21,L,050,21179,2254
21,L,051,21155,1614
21,L,051,21217,1832
21,L,052,21147,1362
21,L,052,21199,770
21,L,052,21231,1560
21,L,053,21005,1224
21,L,053,21215,854
21,L,054,21021,1806
21,L,054,21045,1250
21,L,055,21113,554
21,L,055,21167,1706
21,L,055,21229,1052
21,L,056,21073,592
21,L,056,21113,298
21,L,056,21239,1362
21,L,057,21073,2222
21,L,058,21211,2448
21,L,059,21185,1664
21,L,060,21015,762
21,L,061,21015,252
21,L,061,21077,870
21,L,061,21081,1620
21,L,061,21117,136
21,L,062,21209,2228
21,L,063,21015,312
21,L,063,21117,1166
21,L,064,21117,1386
21,L,065,21117,1806
21,L,066,21015,638
21,L,067,21037,1808
21,L,068,21037,1308
21,L,069,21015,348
21,L,069,21117,684
21,L,070,21023,822
21,L,070,21097,1364
21,L,070,21161,1726
21,L,070,21201,306
21,L,071,21125,244
21,L,071,21151,798
21,L,071,21199,504
21,L,071,21203,1430
21,L,072,21017,1632
21,L,072,21069,1512
21,L,072,21181,700
21,L,073,21049,1744
21,L,073,21067,290
21,L,074,21011,1156
21,L,074,21165,566
21,L,074,21173,1290
21,L,075,21067,1094
21,L,076,21067,1260
21,L,077,21067,1294
21,L,078,21015,276
21,L,078,21037,172
21,L,078,21117,716
21,L,078,21191,1194
21,L,079,21067,900
21,L,080,21079,996
21,L,080,21137,1608
21,L,080,21199,166
21,L,081,21151,2020
21,L,082,21125,200
21,L,082,21235,3082
21,L,083,21053,904
21,L,083,21199,1282
21,L,083,21207,1852
21,L,084,21025,1550
21,L,084,21189,782
21,L,084,21193,2822
21,L,085,21125,874
21,L,085,21199,3042
21,L,086,21121,2430
21,L,086,21125,682
21,L,087,21013,2612
21,L,087,21095,2490
21,L,088,21067,1130
21,L,088,21209,578
21,L,089,21109,1010
21,L,089,21125,542
21,L,089,21129,790
21,L,089,21151,528
21,L,089,21237,698
21,L,090,21051,1684
21,L,090,21125,830
21,L,090,21131,1568
21,L,091,21065,898
21,L,091,21151,728
21,L,091,21197,1002
21,L,092,21119,1202
21,L,092,21153,924
21,L,092,21195,1096
21,L,093,21067,632
21,L,094,21095,918
21,L,094,21133,2146
21,L,094,21195,1196
21,L,095,21071,3532
21,L,095,21195,822
21,L,096,21019,426
21,L,096,21043,2410
21,L,096,21135,1830
21,L,097,21115,1842
21,L,097,21159,890
21,L,097,21195,600
21,L,098,21019,558
21,L,098,21089,3310
21,L,099,21063,836
21,L,099,21175,1362
21,L,099,21205,1326
21,L,100,21019,2300
21,L,100,21127,2010
21,U,001,21035,3308
21,U,001,21055,1050
21,U,001,21075,1244
21,U,001,21083,4574
21,U,001,21105,1156
21,U,001,21143,1566
21,U,001,21221,1856
21,U,002,21007,1320
21,U,002,21039,976
21,U,002,21139,1598
21,U,002,21145,5334
21,U,002,21157,3688
21,U,003,21033,1472
21,U,003,21047,4146
21,U,003,21177,3054
21,U,004,21101,2824
21,U,004,21107,4086
21,U,004,21225,2000
21,U,004,21233,2456
21,U,005,21027,1812
21,U,005,21031,1260
21,U,005,21085,1998
21,U,005,21163,1414
21,U,005,21183,2700
21,U,006,21111,952
21,U,006,21185,2196
21,U,006,21223,670
21,U,007,21005,1224
21,U,007,21103,1192
21,U,007,21111,540
21,U,007,21211,2512
21,U,008,21059,5202
21,U,008,21091,1180
21,U,008,21149,1480
21,U,009,21009,2906
21,U,009,21061,792
21,U,009,21087,1102
21,U,009,21099,1622
21,U,009,21227,1532
21,U,010,21093,5538
21,U,010,21111,94
21,U,011,21015,1910
21,U,012,21021,1806
21,U,012,21067,1026
21,U,012,21167,1706
21,U,012,21239,1362
21,U,013,21067,3144
21,U,014,21123,1236
21,U,014,21155,1614
21,U,014,21179,2254
21,U,014,21215,854
21,U,014,21229,1052
21,U,015,21053,904
21,U,015,21057,1186
21,U,015,21199,5764
21,U,015,21207,1852
21,U,015,21231,1560
21,U,016,21001,1766
21,U,016,21003,1366
21,U,016,21169,1258
21,U,016,21171,1198
21,U,016,21217,1832
21,U,016,21227,1678
21,U,017,21067,370
21,U,017,21081,1620
21,U,017,21117,970
21,U,017,21209,2806
21,U,018,21019,3284
21,U,018,21043,2410
21,U,018,21089,3310
21,U,018,21135,1830
21,U,019,21111,3148
21,U,020,21015,678
21,U,020,21041,1180
21,U,020,21073,2814
21,U,020,21077,870
21,U,020,21117,354
21,U,020,21187,1146
21,U,021,21045,1250
21,U,021,21125,3372
21,U,021,21137,1608
21,U,021,21203,1430
21,U,022,21067,740
21,U,022,21079,996
21,U,022,21113,1994
21,U,023,21117,4332
21,U,024,21023,822
21,U,024,21037,3288
21,U,024,21117,238
21,U,024,21191,1194
21,U,025,21051,1684
21,U,025,21109,1010
21,U,025,21121,2430
21,U,025,21147,1362
21,U,025,21189,782
21,U,025,21235,3082
21,U,026,21111,3296
21,U,027,21017,1632
21,U,027,21067,690
21,U,027,21069,1512
21,U,027,21097,1364
21,U,027,21161,1726
21,U,027,21181,700
21,U,027,21201,306
21,U,027,21205,1326
21,U,028,21011,1156
21,U,028,21049,1744
21,U,028,21067,1112
21,U,028,21165,566
21,U,028,21173,1290
21,U,029,21013,2612
21,U,029,21071,3532
21,U,029,21095,3408
21,U,029,21119,1202
21,U,029,21133,2146
21,U,030,21025,1550
21,U,030,21065,898
21,U,030,21129,790
21,U,030,21131,1568
21,U,030,21153,924
21,U,030,21175,1362
21,U,030,21193,2822
21,U,030,21197,1002
21,U,030,21237,698
21,U,031,21063,836
21,U,031,21115,1842
21,U,031,21127,2010
21,U,031,21159,890
21,U,031,21195,3714
21,U,032,21141,2830
21,U,032,21213,1398
21,U,032,21219,1240
21,U,032,21227,1846
21,U,033,21111,4538
21,U,034,21067,762
21,U,034,21151,4074
21,U,035,21111,2942
21,U,036,21111,2938
21,U,037,21111,2904
21,U,038,21029,2648
21,U,038,21111,620
22,L,001,22017,3344
22,L,002,22015,586
22,L,002,22017,3076
22,L,003,22017,2078
22,L,004,22017,1794
22,L,005,22015,910
22,L,005,22017,682
22,L,005,22081,1138
22,L,006,22017,1648
22,L,007,22017,202
22,L,007,22031,3094
22,L,007,22085,1494
22,L,008,22015,1244
22,L,009,22015,1462
22,L,010,22015,710
22,L,010,22119,4196
22,L,011,22013,964
22,L,011,22027,2222
22,L,011,22061,1194
22,L,012,22061,1828
22,L,012,22111,2766
22,L,013,22013,1742
22,L,013,22049,2206
22,L,013,22069,1126
22,L,013,22127,2826
22,L,014,22073,2384
22,L,015,22073,1050
22,L,016,22067,1372
22,L,016,22073,1454
22,L,017,22073,2974
22,L,018,22047,272
22,L,018,22077,1810
22,L,018,22121,680
22,L,018,22125,820
22,L,019,22035,182
22,L,019,22065,722
22,L,019,22067,1362
22,L,019,22083,2592
22,L,019,22123,1420
22,L,020,22021,1374
22,L,020,22025,1166
22,L,020,22041,1566
22,L,020,22059,1270
22,L,020,22073,308
22,L,021,22025,520
22,L,021,22029,2096
22,L,021,22035,826
22,L,021,22041,484
22,L,021,22065,1306
22,L,021,22107,1420
22,L,022,22043,2390
22,L,022,22059,1288
22,L,022,22069,714
22,L,023,22071,2872
22,L,024,22011,1340
22,L,024,22085,1704
22,L,024,22115,3842
22,L,025,22069,2874
22,L,025,22079,1962
22,L,026,22079,3720
22,L,027,22079,2046
22,L,028,22009,3328
22,L,028,22097,502
22,L,029,22033,1374
22,L,029,22121,1138
22,L,030,22011,1734
22,L,030,22115,2222
22,L,031,22055,962
22,L,031,22113,1144
22,L,032,22003,2240
22,L,032,22011,746
22,L,032,22019,1122
22,L,032,22053,34
22,L,033,22019,2290
22,L,034,22019,2386
22,L,035,22011,370
22,L,035,22019,1518
22,L,036,22019,1060
22,L,037,22019,910
22,L,037,22053,3304
22,L,038,22039,3162
22,L,038,22079,1588
22,L,039,22055,1410
22,L,040,22097,3412
22,L,041,22001,1544
22,L,041,22039,400
22,L,041,22097,1662
22,L,042,22001,3726
22,L,042,22055,370
22,L,043,22055,2008
22,L,044,22055,2462
22,L,045,22055,1824
22,L,046,22097,1368
22,L,046,22099,1812
22,L,047,22019,568
22,L,047,22023,1524
22,L,047,22113,3306
22,L,048,22045,1614
22,L,048,22055,560
22,L,048,22099,240
22,L,049,22045,1134
22,L,049,22055,568
22,L,049,22113,988
22,L,050,22099,254
22,L,050,22101,4772
22,L,051,22007,370
22,L,051,22057,360
22,L,051,22101,682
22,L,051,22109,1144
22,L,052,22109,2054
22,L,053,22109,3196
22,L,054,22051,162
22,L,054,22057,3224
22,L,055,22057,2404
22,L,056,22089,2074
22,L,056,22095,22
22,L,057,22089,434
22,L,057,22095,1524
22,L,058,22005,1380
22,L,058,22093,1294
22,L,058,22095,732
22,L,059,22005,744
22,L,060,22007,1026
22,L,060,22047,2400
22,L,061,22033,1554
22,L,062,22033,914
22,L,062,22037,1192
22,L,063,22033,1604
22,L,064,22033,334
22,L,064,22063,718
22,L,065,22033,868
22,L,066,22033,780
22,L,067,22033,2238
22,L,068,22033,1404
22,L,069,22033,1264
22,L,070,22033,936
22,L,071,22063,1144
22,L,072,22091,818
22,L,072,22105,2070
22,L,073,22105,1580
22,L,074,22103,2952
22,L,075,22117,4064
22,L,076,22103,1966
22,L,077,22103,1924
22,L,078,22051,1470
22,L,079,22051,1344
22,L,080,22051,1606
22,L,081,22005,806
22,L,081,22063,704
22,L,081,22093,492
22,L,082,22051,2132
22,L,083,22051,1618
22,L,084,22051,1906
22,L,085,22051,1780
22,L,086,22105,1676
22,L,087,22051,1258
22,L,088,22005,844
22,L,089,22103,1764
22,L,090,22103,1750
22,L,091,22071,2488
22,L,092,22051,1998
22,L,093,22071,3262
22,L,094,22051,738
22,L,094,22071,1628
22,L,095,22063,1434
22,L,095,22105,250
22,L,096,22045,1586
22,L,096,22055,152
22,L,096,22099,1038
22,L,097,22071,2746
22,L,098,22071,2250
22,L,099,22071,2976
22,L,100,22071,2022
22,L,101,22033,1130
22,L,102,22071,2200
22,L,103,22087,4078
22,L,104,22103,1916
22,L,105,22051,254
22,L,105,22071,106
22,L,105,22075,3422
22,U,001,22071,480
22,U,001,22087,1990
22,U,001,22103,4794
22,U,002,22005,1274
22,U,002,22007,764
22,U,002,22047,1298
22,U,002,22057,844
22,U,002,22093,1250
22,U,002,22095,1142
22,U,002,22121,836
22,U,003,22071,5548
22,U,003,22087,2088
22,U,004,22071,6354
22,U,005,22051,636
22,U,005,22071,6748
22,U,006,22033,2080
22,U,006,22063,710
22,U,006,22091,682
22,U,007,22051,2146
22,U,007,22071,2306
22,U,007,22075,1398
22,U,008,22051,4242
22,U,008,22075,2024
22,U,009,22051,3824
22,U,009,22071,1058
22,U,010,22051,4048
22,U,011,22103,5084
22,U,012,22103,1830
22,U,012,22105,1880
22,U,012,22117,4064
22,U,013,22063,2888
22,U,014,22033,5060
22,U,015,22033,3698
22,U,016,22033,3366
22,U,017,22033,196
22,U,017,22037,1192
22,U,017,22047,1374
22,U,017,22055,60
22,U,017,22077,1810
22,U,017,22091,136
22,U,017,22097,2724
22,U,017,22099,170
22,U,017,22121,982
22,U,017,22125,136
22,U,018,22005,2500
22,U,018,22063,284
22,U,018,22093,536
22,U,019,22051,1316
22,U,019,22057,1372
22,U,019,22089,2508
22,U,019,22095,1136
22,U,020,22057,3320
22,U,020,22109,4980
22,U,021,22007,632
22,U,021,22045,1058
22,U,021,22057,452
22,U,021,22099,254
22,U,021,22101,5454
22,U,021,22109,1414
22,U,022,22045,3276
22,U,022,22055,1530
22,U,022,22099,2654
22,U,023,22055,4986
22,U,024,22055,3198
22,U,024,22097,3396
22,U,024,22099,266
22,U,025,22001,508
22,U,025,22019,2640
22,U,025,22023,1524
22,U,025,22053,3338
22,U,026,22001,4762
22,U,026,22055,542
22,U,026,22113,5438
22,U,027,22019,5572
22,U,028,22003,2240
22,U,028,22009,2562
22,U,028,22039,3562
22,U,028,22079,1032
22,U,028,22097,824
22,U,029,22009,372
22,U,029,22013,746
22,U,029,22043,940
22,U,029,22049,684
22,U,029,22061,1368
22,U,029,22069,1034
22,U,029,22079,5100
22,U,029,22127,1464
22,U,030,22011,4190
22,U,030,22019,1642
22,U,030,22079,916
22,U,030,22115,6064
22,U,031,22013,1536
22,U,031,22015,580
22,U,031,22017,698
22,U,031,22031,1572
22,U,031,22069,3680
22,U,031,22079,518
22,U,031,22081,1138
22,U,031,22085,3198
22,U,031,22119,576
22,U,031,22127,508
22,U,032,22009,394
22,U,032,22021,1374
22,U,032,22025,1686
22,U,032,22029,1196
22,U,032,22041,2050
22,U,032,22059,2558
22,U,032,22073,216
22,U,032,22079,980
22,U,032,22083,228
22,U,032,22125,684
22,U,033,22013,424
22,U,033,22027,2222
22,U,033,22061,798
22,U,033,22067,1282
22,U,033,22073,1654
22,U,033,22111,2766
22,U,033,22119,1088
22,U,033,22123,1420
22,U,034,22029,900
22,U,034,22035,1008
22,U,034,22065,2028
22,U,034,22067,1452
22,U,034,22073,3350
22,U,034,22083,2364
22,U,034,22107,1420
22,U,035,22043,1450
22,U,035,22049,1522
22,U,035,22061,856
22,U,035,22073,2950
22,U,035,22079,770
22,U,035,22127,854
22,U,036,22015,4008
22,U,036,22119,2532
22,U,037,22063,118
22,U,037,22103,536
22,U,037,22105,3682
22,U,038,22017,3900
22,U,038,22031,1522
22,U,039,22015,324
22,U,039,22017,8226
22,U,ZZZ,22051,54
22,U,ZZZ,22071,56
22,U,ZZZ,22103,28
22,U,ZZZ,22105,14
23,L,001,23003,3136
23,L,002,23003,1308
23,L,003,23003,1282
23,L,004,23003,692
23,L,005,23003,514
23,L,006,23003,1878
23,L,007,23003,902
23,L,008,23003,1412
23,L,008,23019,810
23,L,008,23029,850
23,L,009,23029,1034
23,L,010,23029,1742
23,L,011,23029,1166
23,L,012,23009,684
23,L,012,23029,128
23,L,013,23009,562
23,L,014,23009,944
23,L,015,23009,738
23,L,015,23013,308
23,L,016,23009,642
23,L,017,23009,596
23,L,018,23009,1418
23,L,018,23019,474
23,L,018,23029,950
23,L,019,23019,244
23,L,020,23019,302
23,L,021,23019,472
23,L,022,23019,222
23,L,023,23019,256
23,L,024,23019,286
23,L,025,23019,160
23,L,026,23003,2
23,L,026,23019,542
23,L,027,23019,486
23,L,028,23019,730
23,L,029,23019,2194
23,L,030,23021,3890
23,L,030,23025,132
23,L,031,23021,1052
23,L,032,23019,652
23,L,033,23019,676
23,L,034,23019,238
23,L,035,23019,284
23,L,036,23019,278
23,L,037,23027,632
23,L,038,23027,762
23,L,039,23027,668
23,L,040,23013,104
23,L,040,23027,634
23,L,041,23013,530
23,L,042,23013,630
23,L,043,23013,458
23,L,044,23013,572
23,L,045,23013,204
23,L,045,23015,380
23,L,046,23015,718
23,L,047,23015,690
23,L,048,23015,600
23,L,049,23023,552
23,L,050,23023,436
23,L,051,23023,372
23,L,052,23023,460
23,L,053,23011,276
23,L,053,23015,96
23,L,054,23011,404
23,L,055,23011,448
23,L,056,23001,88
23,L,056,23011,448
23,L,057,23011,390
23,L,058,23007,104
23,L,058,23011,538
23,L,059,23011,452
23,L,060,23011,400
23,L,061,23011,294
23,L,062,23011,356
23,L,062,23015,82
23,L,062,23027,128
23,L,063,23011,340
23,L,063,23027,60
23,L,064,23011,396
23,L,065,23011,308
23,L,066,23011,220
23,L,066,23025,204
23,L,067,23011,190
23,L,067,23025,334
23,L,068,23011,186
23,L,068,23025,338
23,L,068,23027,198
23,L,069,23025,614
23,L,070,23025,430
23,L,071,23025,530
23,L,072,23025,3110
23,L,073,23007,1746
23,L,073,23017,896
23,L,073,23025,1274
23,L,074,23007,794
23,L,074,23025,112
23,L,075,23007,424
23,L,076,23001,404
23,L,076,23007,258
23,L,077,23001,22
23,L,077,23017,598
23,L,078,23017,726
23,L,079,23017,532
23,L,080,23017,536
23,L,081,23017,974
23,L,082,23017,986
23,L,083,23005,604
23,L,083,23017,144
23,L,084,23005,666
23,L,085,23005,336
23,L,086,23001,22
23,L,086,23005,512
23,L,087,23001,406
23,L,088,23001,488
23,L,089,23001,324
23,L,090,23001,402
23,L,091,23001,490
23,L,091,23011,102
23,L,092,23001,396
23,L,093,23001,256
23,L,094,23001,318
23,L,095,23001,268
23,L,096,23001,266
23,L,097,23001,310
23,L,098,23001,182
23,L,098,23005,146
23,L,098,23023,66
23,L,099,23005,400
23,L,100,23005,358
23,L,101,23005,266
23,L,102,23005,298
23,L,103,23005,338
23,L,104,23005,356
23,L,105,23005,372
23,L,106,23005,268
23,L,107,23005,282
23,L,108,23005,282
23,L,109,23005,278
23,L,110,23005,346
23,L,111,23005,248
23,L,112,23005,266
23,L,113,23005,272
23,L,114,23005,206
23,L,115,23005,260
23,L,116,23005,294
23,L,117,23005,264
23,L,118,23005,248
23,L,119,23005,512
23,L,120,23005,380
23,L,121,23005,206
23,L,122,23005,320
23,L,123,23005,254
23,L,124,23005,318
23,L,125,23005,320
23,L,126,23005,170
23,L,126,23031,94
23,L,127,23005,244
23,L,128,23005,216
23,L,129,23031,278
23,L,130,23031,290
23,L,131,23031,498
23,L,132,23031,244
23,L,133,23031,298
23,L,134,23031,562
23,L,135,23031,332
23,L,136,23031,546
23,L,137,23031,400
23,L,138,23031,546
23,L,139,23031,658
23,L,140,23031,434
23,L,141,23031,586
23,L,142,23031,346
23,L,143,23031,348
23,L,144,23031,452
23,L,145,23031,440
23,L,146,23031,528
23,L,147,23031,482
23,L,148,23031,366
23,L,149,23031,362
23,L,150,23031,274
23,L,151,23031,452
23,U,001,23003,6558
23,U,002,23003,4566
23,U,002,23019,2600
23,U,003,23011,384
23,U,003,23019,572
23,U,003,23025,1524
23,U,004,23019,1220
23,U,004,23021,4942
23,U,005,23007,1454
23,U,005,23011,138
23,U,005,23025,5220
23,U,006,23009,1974
23,U,006,23029,5870
23,U,007,23009,3064
23,U,007,23013,96
23,U,008,23003,2
23,U,008,23019,2490
23,U,009,23019,1224
23,U,010,23009,546
23,U,010,23019,1200
23,U,011,23027,3082
23,U,012,23013,2590
23,U,013,23011,176
23,U,013,23013,120
23,U,013,23015,2470
23,U,014,23011,1862
23,U,015,23011,1646
23,U,016,23011,1254
23,U,016,23025,334
23,U,017,23001,1760
23,U,017,23011,288
23,U,018,23001,302
23,U,018,23005,604
23,U,018,23017,1796
23,U,019,23007,1872
23,U,019,23017,3250
23,U,020,23001,1472
23,U,020,23005,246
23,U,021,23001,1108
23,U,022,23005,1002
23,U,022,23017,346
23,U,022,23031,1416
23,U,023,23005,1612
23,U,024,23015,96
23,U,024,23023,1886
23,U,025,23005,1420
23,U,026,23005,1394
23,U,027,23005,986
23,U,028,23005,1360
23,U,029,23005,1208
23,U,030,23005,1274
23,U,031,23031,1514
23,U,032,23031,1476
23,U,033,23031,1766
23,U,034,23031,1884
23,U,035,23031,1760
24,L,003,24021,3588
24,L,004,24021,4786
24,L,005,24013,3928
24,L,005,24021,70
24,L,006,24005,3946
24,L,008,24005,2522
24,L,010,24005,1986
24,L,013,24027,1832
24,L,014,24031,2000
24,L,015,24031,2382
24,L,016,24031,2832
24,L,017,24031,2620
24,L,018,24031,3106
24,L,019,24031,1968
24,L,01A,24001,1006
24,L,01A,24023,3228
24,L,01B,24001,3260
24,L,01C,24001,656
24,L,01C,24043,2050
24,L,020,24031,2246
24,L,021,24003,354
24,L,021,24033,2280
24,L,022,24033,2398
24,L,023,24033,2540
24,L,024,24033,2486
24,L,025,24033,2188
24,L,026,24033,2164
24,L,028,24017,3496
24,L,02A,24021,890
24,L,02A,24043,3066
24,L,02B,24043,1584
24,L,031,24003,2708
24,L,032,24003,2718
24,L,036,24011,842
24,L,036,24015,2076
24,L,036,24029,1638
24,L,036,24035,2372
24,L,039,24031,1604
24,L,040,24510,4654
24,L,041,24510,3986
24,L,045,24510,4258
24,L,046,24510,4638
24,L,07A,24005,1748
24,L,07B,24025,1028
24,L,09A,24027,1096
24,L,09A,24031,268
24,L,09B,24027,512
24,L,11A,24005,542
24,L,11B,24005,1654
24,L,12A,24027,968
24,L,12B,24003,1350
24,L,27A,24017,620
24,L,27A,24033,248
24,L,27B,24009,522
24,L,27B,24033,654
24,L,27C,24009,1088
24,L,29A,24037,1614
24,L,29B,24037,1152
24,L,29C,24009,760
24,L,29C,24037,758
24,L,30A,24003,2290
24,L,30B,24003,1360
24,L,33A,24003,530
24,L,33B,24003,864
24,L,33C,24003,832
24,L,34A,24025,2472
24,L,34B,24025,788
24,L,35A,24015,176
24,L,35A,24025,1816
24,L,35B,24015,1758
24,L,37A,24019,948
24,L,37A,24045,1696
24,L,37B,24011,1642
24,L,37B,24019,2658
24,L,37B,24041,2638
24,L,37B,24045,976
24,L,38A,24039,2688
24,L,38A,24045,154
24,L,38A,24047,1958
24,L,38B,24045,2068
24,L,38C,24045,872
24,L,38C,24047,2826
24,L,42A,24005,1286
24,L,42B,24005,756
24,L,42C,24013,1202
24,L,43A,24510,2514
24,L,43B,24005,820
24,L,44A,24005,1008
24,L,44B,24005,1982
24,L,47A,24033,2080
24,L,47B,24033,462
24,U,001,24001,4922
24,U,001,24023,3228
24,U,001,24043,2050
24,U,002,24021,890
24,U,002,24043,4650
24,U,003,24021,3588
24,U,004,24021,4786
24,U,005,24013,3928
24,U,005,24021,70
24,U,006,24005,3946
24,U,007,24005,1748
24,U,007,24025,1028
24,U,008,24005,2522
24,U,009,24027,1608
24,U,009,24031,268
24,U,010,24005,1986
24,U,011,24005,2196
24,U,012,24003,1350
24,U,012,24027,968
24,U,013,24027,1832
24,U,014,24031,2000
24,U,015,24031,2382
24,U,016,24031,2832
24,U,017,24031,2620
24,U,018,24031,3106
24,U,019,24031,1968
24,U,020,24031,2246
24,U,021,24003,354
24,U,021,24033,2280
24,U,022,24033,2398
24,U,023,24033,2540
24,U,024,24033,2486
24,U,025,24033,2188
24,U,026,24033,2164
24,U,027,24009,1610
24,U,027,24017,620
24,U,027,24033,902
24,U,028,24017,3496
24,U,029,24009,760
24,U,029,24037,3524
24,U,030,24003,3650
24,U,031,24003,2708
24,U,032,24003,2718
24,U,033,24003,2226
24,U,034,24025,3260
24,U,035,24015,1934
24,U,035,24025,1816
24,U,036,24011,842
24,U,036,24015,2076
24,U,036,24029,1638
24,U,036,24035,2372
24,U,037,24011,1642
24,U,037,24019,3606
24,U,037,24041,2638
24,U,037,24045,2672
24,U,038,24039,2688
24,U,038,24045,3094
24,U,038,24047,4784
24,U,039,24031,1604
24,U,040,24510,4654
24,U,041,24510,3986
24,U,042,24005,2042
24,U,042,24013,1202
24,U,043,24005,820
24,U,043,24510,2514
24,U,044,24005,2990
24,U,045,24510,4258
24,U,046,24510,4638
24,U,047,24033,2542
25,L,001,25001,3034
25,L,002,25001,2500
25,L,003,25001,2832
25,L,004,25001,3390
25,L,005,25001,2084
25,L,006,25001,748
25,L,006,25007,2074
25,L,006,25019,1018
25,L,007,25003,2656
25,L,008,25003,1670
25,L,009,25003,4036
25,L,010,25005,640
25,L,010,25021,580
25,L,011,25005,1218
25,L,012,25005,1080
25,L,013,25005,1538
25,L,014,25005,1662
25,L,015,25005,1368
25,L,016,25005,1094
25,L,017,25005,1538
25,L,018,25005,1316
25,L,019,25005,1188
25,L,019,25023,924
25,L,020,25005,1350
25,L,021,25005,568
25,L,021,25023,812
25,L,022,25005,1398
25,L,023,25005,1184
25,L,024,25009,1556
25,L,025,25009,1822
25,L,026,25009,1278
25,L,027,25009,892
25,L,028,25009,1722
25,L,029,25009,1210
25,L,030,25009,1136
25,L,031,25009,1210
25,L,032,25009,830
25,L,032,25017,352
25,L,033,25009,644
25,L,034,25009,874
25,L,035,25009,902
25,L,036,25009,1258
25,L,037,25009,1388
25,L,038,25009,1182
25,L,039,25009,968
25,L,040,25009,876
25,L,041,25009,934
25,L,041,25017,218
25,L,042,25011,3888
25,L,043,25011,1746
25,L,043,25027,1366
25,L,044,25013,1140
25,L,044,25015,286
25,L,044,25027,756
25,L,045,25013,1496
25,L,046,25013,1884
25,L,046,25015,252
25,L,047,25013,1188
25,L,047,25015,238
25,L,048,25013,1418
25,L,049,25013,1320
25,L,050,25011,514
25,L,050,25013,594
25,L,050,25015,524
25,L,050,25027,236
25,L,051,25013,1622
25,L,052,25013,1194
25,L,053,25013,1062
25,L,054,25013,1122
25,L,055,25013,1380
25,L,056,25015,2190
25,L,057,25015,1436
25,L,058,25015,954
25,L,059,25017,1188
25,L,059,25027,250
25,L,060,25017,1462
25,L,061,25017,1284
25,L,061,25027,224
25,L,062,25017,948
25,L,063,25017,1216
25,L,064,25017,838
25,L,065,25017,1162
25,L,066,25017,1136
25,L,066,25021,198
25,L,067,25017,1022
25,L,068,25017,958
25,L,069,25017,1354
25,L,070,25017,1220
25,L,070,25021,270
25,L,071,25017,1224
25,L,072,25017,1352
25,L,073,25017,1146
25,L,074,25017,1162
25,L,075,25017,1218
25,L,076,25017,912
25,L,077,25017,1066
25,L,078,25009,534
25,L,078,25017,496
25,L,079,25017,1138
25,L,080,25017,1284
25,L,081,25017,1316
25,L,082,25017,1364
25,L,083,25017,756
25,L,084,25017,896
25,L,085,25017,742
25,L,086,25017,622
25,L,087,25017,978
25,L,088,25017,1196
25,L,089,25017,1234
25,L,090,25017,1188
25,L,091,25017,810
25,L,092,25017,928
25,L,093,25017,1034
25,L,094,25017,1396
25,L,095,25017,1262
25,L,095,25027,392
25,L,096,25021,1128
25,L,097,25021,1168
25,L,098,25021,936
25,L,099,25021,946
25,L,100,25021,1090
25,L,101,25021,1138
25,L,102,25021,1234
25,L,103,25005,66
25,L,103,25021,1070
25,L,104,25021,1318
25,L,105,25021,1122
25,L,106,25021,1450
25,L,107,25021,1302
25,L,108,25021,1522
25,L,109,25017,670
25,L,109,25021,1012
25,L,110,25021,634
25,L,111,25023,1764
25,L,112,25023,2242
25,L,113,25021,278
25,L,113,25023,1312
25,L,114,25023,1520
25,L,115,25023,954
25,L,116,25023,1172
25,L,117,25023,972
25,L,118,25005,444
25,L,118,25023,628
25,L,119,25005,358
25,L,119,25023,888
25,L,120,25023,994
25,L,121,25023,746
25,L,122,25023,1540
25,L,123,25025,720
25,L,124,25017,274
25,L,124,25025,686
25,L,125,25025,886
25,L,126,25025,1000
25,L,127,25025,692
25,L,128,25025,760
25,L,129,25025,632
25,L,130,25025,604
25,L,131,25025,784
25,L,132,25021,86
25,L,132,25025,1180
25,L,133,25017,52
25,L,133,25025,668
25,L,134,25021,214
25,L,134,25025,646
25,L,135,25025,850
25,L,136,25025,862
25,L,137,25025,686
25,L,138,25009,244
25,L,138,25025,708
25,L,139,25021,116
25,L,139,25025,538
25,L,140,25017,46
25,L,140,25025,632
25,L,141,25025,1026
25,L,142,25027,1508
25,L,143,25027,1844
25,L,144,25027,1540
25,L,145,25027,1096
25,L,146,25015,140
25,L,146,25027,2396
25,L,147,25027,1426
25,L,148,25027,1692
25,L,149,25021,552
25,L,149,25027,840
25,L,150,25027,1352
25,L,151,25027,1138
25,L,152,25027,1030
25,L,153,25027,1750
25,L,154,25027,1004
25,L,155,25027,1268
25,L,156,25027,1036
25,L,157,25027,816
25,L,158,25027,970
25,L,159,25027,1638
25,L,160,25017,24
25,L,160,25027,1206
25,L,ZZZ,25001,82
25,L,ZZZ,25005,26
25,L,ZZZ,25009,10
25,L,ZZZ,25023,28
25,U,D01,25003,8362
25,U,D01,25011,1854
25,U,D01,25013,1006
25,U,D01,25015,1210
25,U,D02,25013,4604
25,U,D02,25015,808
25,U,D03,25013,4640
25,U,D04,25013,4256
25,U,D04,25015,1154
25,U,D04,25027,272
25,U,D05,25011,4294
25,U,D05,25015,2422
25,U,D05,25027,2160
25,U,D06,25015,426
25,U,D06,25027,6406
25,U,D07,25013,914
25,U,D07,25027,5820
25,U,D08,25027,4494
25,U,D09,25027,4434
25,U,D10,25017,1870
25,U,D10,25027,3662
25,U,D11,25017,4650
25,U,D12,25017,4796
25,U,D12,25027,780
25,U,D13,25017,4074
25,U,D13,25021,392
25,U,D14,25017,200
25,U,D14,25021,4236
25,U,D14,25027,746
25,U,D15,25017,4932
25,U,D16,25017,4900
25,U,D17,25017,2810
25,U,D17,25021,2118
25,U,D18,25021,3036
25,U,D18,25025,1922
25,U,D19,25009,3636
25,U,D20,25009,3678
25,U,D20,25017,1418
25,U,D21,25009,5784
25,U,D21,25017,308
25,U,D22,25009,4190
25,U,D23,25017,4292
25,U,D24,25009,4182
25,U,D25,25025,3500
25,U,D26,25017,1988
25,U,D26,25025,1170
25,U,D27,25017,3802
25,U,D28,25017,2104
25,U,D28,25025,1532
25,U,D29,25025,2920
25,U,D30,25025,3516
25,U,D31,25021,1602
25,U,D31,25023,3560
25,U,D32,25021,2920
25,U,D32,25023,1090
25,U,D33,25005,554
25,U,D33,25021,2804
25,U,D33,25023,954
25,U,D34,25021,546
25,U,D34,25023,3476
25,U,D35,25005,3292
25,U,D35,25021,1710
25,U,D36,25005,3552
25,U,D36,25023,3098
25,U,D37,25005,5092
25,U,D37,25023,676
25,U,D38,25005,5546
25,U,D38,25023,380
25,U,D39,25001,5246
25,U,D39,25023,3262
25,U,D40,25001,9424
25,U,D40,25007,2074
25,U,D40,25019,1018
26,L,001,26163,4872
26,L,002,26163,3034
26,L,003,26163,2798
26,L,004,26163,3046
26,L,005,26125,1640
26,L,005,26163,1598
26,L,006,26125,1502
26,L,006,26163,1758
26,L,007,26125,1812
26,L,007,26163,2010
26,L,008,26125,1388
26,L,008,26163,2600
26,L,009,26163,4458
26,L,010,26099,16
26,L,010,26163,3302
26,L,011,26099,1164
26,L,011,26163,1646
26,L,012,26099,2140
26,L,012,26163,826
26,L,013,26099,1550
26,L,013,26163,1148
26,L,014,26099,1976
26,L,014,26163,1440
26,L,015,26163,2912
26,L,016,26163,3612
26,L,017,26163,3018
26,L,018,26125,2620
26,L,019,26125,2282
26,L,020,26125,2708
26,L,021,26125,1996
26,L,022,26163,2862
26,L,023,26125,310
26,L,023,26161,1480
26,L,023,26163,360
26,L,024,26163,2042
26,L,025,26163,2274
26,L,026,26163,3214
26,L,027,26163,3148
26,L,028,26115,1052
26,L,028,26163,2106
26,L,029,26115,822
26,L,029,26163,2170
26,L,030,26091,456
26,L,030,26115,4230
26,L,031,26091,256
26,L,031,26115,1928
26,L,031,26161,880
26,L,031,26163,1790
26,L,032,26161,2252
26,L,033,26161,2656
26,L,034,26091,5880
26,L,035,26023,3846
26,L,035,26059,4310
26,L,035,26091,142
26,L,036,26027,2510
26,L,036,26149,5890
26,L,037,26021,4240
26,L,037,26027,1792
26,L,038,26005,1046
26,L,038,26021,5002
26,L,038,26159,956
26,L,039,26005,932
26,L,039,26021,984
26,L,039,26159,4844
26,L,040,26077,2284
26,L,041,26077,3246
26,L,042,26005,886
26,L,042,26077,3560
26,L,043,26005,3636
26,L,043,26015,1606
26,L,043,26045,324
26,L,043,26139,188
26,L,044,26025,5130
26,L,045,26025,3770
26,L,045,26075,2838
26,L,045,26077,626
26,L,046,26075,3606
26,L,046,26161,406
26,L,047,26075,1842
26,L,047,26161,2620
26,L,048,26075,334
26,L,048,26093,1630
26,L,048,26161,1548
26,L,049,26093,1656
26,L,049,26125,916
26,L,050,26093,3644
26,L,051,26125,2388
26,L,052,26125,2420
26,L,053,26125,3004
26,L,054,26125,2566
26,L,055,26125,2082
26,L,056,26125,2306
26,L,057,26099,1242
26,L,057,26125,620
26,L,058,26099,2122
26,L,059,26099,2110
26,L,060,26099,2074
26,L,061,26099,2392
26,L,062,26099,2562
26,L,063,26099,1226
26,L,063,26147,2146
26,L,064,26147,3944
26,L,064,26151,352
26,L,065,26087,1606
26,L,065,26099,1538
26,L,065,26147,2744
26,L,066,26099,1194
26,L,066,26125,1366
26,L,067,26049,1448
26,L,067,26087,2384
26,L,067,26157,154
26,L,068,26049,2264
26,L,068,26125,200
26,L,069,26049,3090
26,L,070,26049,5626
26,L,071,26049,812
26,L,071,26145,852
26,L,071,26155,4716
26,L,072,26049,1810
26,L,072,26093,348
26,L,072,26125,650
26,L,073,26065,4222
26,L,074,26065,2710
26,L,075,26037,1812
26,L,075,26065,1512
26,L,075,26155,504
26,L,076,26045,4352
26,L,077,26037,1622
26,L,077,26045,352
26,L,077,26065,2508
26,L,078,26015,1676
26,L,078,26045,528
26,L,078,26067,3184
26,L,078,26081,712
26,L,079,26005,314
26,L,079,26015,778
26,L,079,26081,1452
26,L,080,26081,2092
26,L,081,26081,2342
26,L,082,26081,2348
26,L,083,26081,1954
26,L,084,26081,3008
26,L,085,26139,2160
26,L,086,26005,602
26,L,086,26139,2224
26,L,087,26121,4472
26,L,088,26121,788
26,L,088,26139,2820
26,L,089,26081,140
26,L,089,26121,1596
26,L,089,26139,1596
26,L,090,26081,3044
26,L,091,26067,734
26,L,091,26081,1516
26,L,091,26117,4382
26,L,092,26057,1920
26,L,092,26073,4220
26,L,093,26037,1238
26,L,093,26057,2318
26,L,093,26067,594
26,L,093,26117,638
26,L,093,26145,2824
26,L,094,26145,5394
26,L,095,26017,16
26,L,095,26051,674
26,L,095,26111,3990
26,L,096,26017,5194
26,L,097,26017,314
26,L,097,26049,368
26,L,097,26145,2296
26,L,097,26157,3074
26,L,098,26063,5290
26,L,098,26087,600
26,L,098,26151,4392
26,L,098,26157,1860
26,L,099,26011,2302
26,L,099,26017,540
26,L,099,26035,480
26,L,099,26051,1884
26,L,099,26069,3072
26,L,099,26129,2368
26,L,100,26035,2774
26,L,100,26085,378
26,L,100,26107,3964
26,L,100,26133,2862
26,L,101,26085,2568
26,L,101,26105,644
26,L,101,26123,4538
26,L,101,26127,314
26,L,101,26165,2586
26,L,102,26101,1598
26,L,102,26105,2464
26,L,102,26121,1890
26,L,102,26127,3448
26,L,103,26019,374
26,L,103,26055,2598
26,L,103,26089,2384
26,L,104,26009,2418
26,L,104,26019,2032
26,L,104,26055,1960
26,L,104,26079,1880
26,L,104,26101,2068
26,L,104,26165,550
26,L,105,26009,922
26,L,105,26039,3090
26,L,105,26079,972
26,L,105,26113,2082
26,L,105,26135,1000
26,L,105,26137,2788
26,L,105,26143,3556
26,L,106,26001,1806
26,L,106,26007,2546
26,L,106,26031,3876
26,L,106,26119,2212
26,L,106,26135,760
26,L,106,26141,2300
26,L,107,26029,3026
26,L,107,26031,126
26,L,107,26033,2372
26,L,107,26047,2982
26,L,107,26097,1494
26,L,108,26033,2378
26,L,108,26041,3594
26,L,108,26095,1332
26,L,108,26097,826
26,L,108,26109,3354
26,L,108,26153,2220
26,L,109,26003,2182
26,L,109,26013,2394
26,L,109,26043,1278
26,L,109,26103,6754
26,L,110,26043,2126
26,L,110,26053,2806
26,L,110,26061,4084
26,L,110,26071,2812
26,L,110,26083,992
26,L,110,26131,2022
26,U,001,26163,11106
26,U,002,26163,8012
26,U,003,26099,1344
26,U,003,26125,1620
26,U,003,26163,7896
26,U,004,26163,9292
26,U,005,26163,6998
26,U,006,26125,1350
26,U,006,26163,7096
26,U,007,26125,7362
26,U,007,26163,958
26,U,008,26125,5582
26,U,008,26163,3514
26,U,009,26099,1702
26,U,009,26125,4168
26,U,010,26099,4204
26,U,010,26163,4718
26,U,011,26099,6060
26,U,011,26163,444
26,U,012,26099,5146
26,U,012,26147,820
26,U,012,26163,1886
26,U,013,26125,4996
26,U,013,26163,2124
26,U,014,26075,7794
26,U,014,26161,4462
26,U,015,26091,956
26,U,015,26115,100
26,U,015,26161,7380
26,U,016,26059,3174
26,U,016,26091,5778
26,U,016,26115,7932
26,U,017,26021,5102
26,U,017,26023,3846
26,U,017,26025,2040
26,U,017,26027,4302
26,U,017,26059,1136
26,U,017,26075,826
26,U,017,26149,5890
26,U,018,26005,2356
26,U,018,26015,4060
26,U,018,26025,6860
26,U,018,26067,806
26,U,018,26077,420
26,U,018,26081,1270
26,U,019,26077,9296
26,U,019,26159,584
26,U,020,26005,4152
26,U,020,26021,5124
26,U,020,26081,1236
26,U,020,26159,5216
26,U,021,26045,5556
26,U,021,26065,6352
26,U,022,26049,1258
26,U,022,26065,778
26,U,022,26093,7278
26,U,022,26125,438
26,U,022,26155,480
26,U,023,26125,6534
26,U,024,26049,228
26,U,024,26087,866
26,U,024,26099,3548
26,U,024,26125,2726
26,U,025,26063,5290
26,U,025,26087,6
26,U,025,26099,1302
26,U,025,26147,8014
26,U,025,26151,4744
26,U,025,26157,2246
26,U,026,26049,3090
26,U,026,26087,3718
26,U,026,26145,3902
26,U,026,26157,2842
26,U,027,26049,10842
26,U,028,26037,4268
26,U,028,26065,3822
26,U,028,26155,4740
26,U,029,26081,6100
26,U,030,26081,6624
26,U,030,26139,1148
26,U,031,26005,908
26,U,031,26139,7628
26,U,032,26019,2406
26,U,032,26101,2490
26,U,032,26105,3108
26,U,032,26121,8128
26,U,032,26127,3762
26,U,033,26067,3706
26,U,033,26081,3378
26,U,033,26085,2046
26,U,033,26117,5020
26,U,033,26121,618
26,U,033,26123,4538
26,U,033,26139,212
26,U,034,26017,312
26,U,034,26035,3254
26,U,034,26037,404
26,U,034,26051,2558
26,U,034,26057,4238
26,U,034,26073,4220
26,U,034,26085,900
26,U,034,26107,3964
26,U,034,26111,1570
26,U,034,26133,2862
26,U,034,26145,946
26,U,035,26017,5224
26,U,035,26111,2420
26,U,035,26145,6518
26,U,036,26001,1806
26,U,036,26007,2546
26,U,036,26011,2302
26,U,036,26017,528
26,U,036,26039,3090
26,U,036,26069,3072
26,U,036,26079,2852
26,U,036,26101,1176
26,U,036,26113,2082
26,U,036,26119,2212
26,U,036,26129,2368
26,U,036,26135,1760
26,U,036,26137,2788
26,U,036,26141,2300
26,U,036,26143,3556
26,U,036,26165,3136
26,U,037,26009,3340
26,U,037,26029,3026
26,U,037,26031,4002
26,U,037,26033,3140
26,U,037,26047,2982
26,U,037,26055,4558
26,U,037,26089,2384
26,U,037,26097,1502
26,U,038,26003,2182
26,U,038,26013,2394
26,U,038,26033,1610
26,U,038,26041,3594
26,U,038,26043,3404
26,U,038,26053,2806
26,U,038,26061,4084
26,U,038,26071,2812
26,U,038,26083,992
26,U,038,26095,1332
26,U,038,26097,818
26,U,038,26103,6754
26,U,038,26109,3354
26,U,038,26131,2022
26,U,038,26153,2220
27,L,01A,27069,2422
27,L,01A,27089,4436
27,L,01A,27113,2214
27,L,01A,27135,3496
27,L,01B,27027,310
27,L,01B,27107,2538
27,L,01B,27119,6292
27,L,01B,27125,1302
27,L,02A,27007,3736
27,L,02A,27029,654
27,L,02A,27077,2248
27,L,02B,27005,976
27,L,02B,27007,1394
27,L,02B,27021,1996
27,L,02B,27029,1564
27,L,02B,27057,760
27,L,02B,27061,930
27,L,02B,27087,1190
27,L,03A,27031,2094
27,L,03A,27061,1384
27,L,03A,27071,3254
27,L,03A,27075,2290
27,L,03A,27137,4222
27,L,03B,27075,642
27,L,03B,27137,2652
27,L,04A,27027,1522
27,L,04B,27005,2210
27,L,04B,27027,3436
27,L,05A,27005,1580
27,L,05A,27021,1746
27,L,05A,27057,2580
27,L,05A,27159,814
27,L,05B,27021,742
27,L,05B,27097,512
27,L,05B,27153,4144
27,L,05B,27159,1520
27,L,06A,27021,918
27,L,06A,27035,2822
27,L,06A,27061,1558
27,L,06B,27035,3440
27,L,07A,27001,1858
27,L,07A,27061,2872
27,L,07A,27137,2308
27,L,07B,27137,6548
27,L,08A,27137,2238
27,L,08B,27137,1736
27,L,09A,27051,1876
27,L,09A,27111,3078
27,L,09A,27155,1740
27,L,09A,27167,2488
27,L,09B,27041,1514
27,L,09B,27111,6354
27,L,10A,27001,1634
27,L,10A,27035,674
27,L,10A,27065,288
27,L,10A,27095,980
27,L,10A,27097,2826
27,L,10B,27009,1420
27,L,10B,27059,140
27,L,10B,27065,314
27,L,10B,27095,1130
27,L,10B,27097,1814
27,L,11A,27017,3352
27,L,11A,27115,890
27,L,11A,27137,388
27,L,11B,27025,414
27,L,11B,27065,1184
27,L,11B,27115,3252
27,L,12A,27011,1738
27,L,12A,27121,2188
27,L,12A,27145,1678
27,L,12A,27149,1920
27,L,12A,27151,3206
27,L,12B,27041,2342
27,L,12B,27121,336
27,L,12B,27145,1044
27,L,13A,27145,4060
27,L,13B,27009,718
27,L,13B,27145,1268
27,L,14A,27145,1606
27,L,14B,27009,498
27,L,14B,27141,282
27,L,14B,27145,1270
27,L,15A,27023,106
27,L,15A,27073,2814
27,L,15A,27083,3400
27,L,15A,27173,3268
27,L,15B,27013,370
27,L,15B,27015,3264
27,L,15B,27127,4190
27,L,16A,27023,2798
27,L,16A,27067,410
27,L,16A,27093,2336
27,L,16A,27129,4306
27,L,16B,27067,4034
27,L,17A,27085,2724
27,L,17A,27093,828
27,L,17A,27143,294
27,L,17A,27171,378
27,L,17B,27019,1592
27,L,17B,27085,704
27,L,17B,27143,2384
27,L,18A,27013,618
27,L,18A,27079,120
27,L,18A,27103,2984
27,L,18B,27013,1242
27,L,19A,27049,600
27,L,19A,27131,2256
27,L,19A,27161,602
27,L,19B,27147,2040
27,L,19B,27161,730
27,L,20A,27037,82
27,L,20A,27049,2900
27,L,20A,27157,1444
27,L,20B,27049,842
27,L,20B,27109,1594
27,L,20B,27157,1632
27,L,20B,27169,894
27,L,21A,27033,1838
27,L,21A,27081,1844
27,L,21A,27101,2512
27,L,21A,27105,1258
27,L,21A,27117,2312
27,L,21A,27133,2016
27,L,21B,27033,894
27,L,21B,27063,2866
27,L,21B,27091,650
27,L,21B,27105,2178
27,L,21B,27165,1184
27,L,22A,27013,2542
27,L,22A,27043,1646
27,L,22A,27091,2980
27,L,22A,27165,916
27,L,22B,27013,684
27,L,22B,27079,2652
27,L,22B,27131,116
27,L,22B,27139,666
27,L,23A,27043,2280
27,L,23A,27047,3732
27,L,23A,27147,688
27,L,23A,27161,804
27,L,23B,27047,976
27,L,23B,27099,3736
27,L,23B,27147,278
27,L,24A,27039,2374
27,L,24A,27109,1240
27,L,24B,27109,1082
27,L,25A,27109,1196
27,L,25B,27109,1400
27,L,26A,27169,3496
27,L,26B,27045,3600
27,L,26B,27055,2408
27,L,26B,27099,608
27,L,27A,27141,2400
27,L,27B,27003,262
27,L,27B,27059,358
27,L,27B,27095,714
27,L,27B,27141,946
27,L,28A,27025,532
27,L,28A,27059,2364
27,L,28B,27025,2230
27,L,29A,27053,28
27,L,29A,27093,318
27,L,29A,27171,2816
27,L,29B,27171,2032
27,L,30A,27053,22
27,L,30A,27171,1408
27,L,30B,27003,348
27,L,30B,27141,774
27,L,30B,27171,288
27,L,31A,27003,1412
27,L,31B,27003,1488
27,L,31B,27059,218
27,L,32A,27003,1144
27,L,32B,27003,1474
27,L,33A,27163,1434
27,L,33B,27163,1950
27,L,34A,27053,1114
27,L,34A,27171,4
27,L,34B,27003,158
27,L,34B,27053,908
27,L,35A,27003,1360
27,L,35B,27003,1148
27,L,36A,27003,854
27,L,36A,27123,420
27,L,36B,27123,1344
27,L,36B,27163,38
27,L,37A,27053,1354
27,L,37B,27053,1242
27,L,38A,27053,1034
27,L,38B,27053,1182
27,L,39A,27003,1540
27,L,39A,27123,6
27,L,39B,27003,426
27,L,39B,27053,184
27,L,39B,27123,404
27,L,40A,27123,1172
27,L,40B,27123,1024
27,L,41A,27163,1458
27,L,41B,27037,956
27,L,41B,27163,494
27,L,42A,27053,812
27,L,42B,27053,784
27,L,43A,27053,1268
27,L,43B,27053,1784
27,L,44A,27123,1138
27,L,44B,27123,320
27,L,44B,27163,762
27,L,45A,27053,1850
27,L,45B,27053,1366
27,L,46A,27053,1140
27,L,46B,27053,1364
27,L,47A,27123,274
27,L,47A,27163,770
27,L,47B,27163,742
27,L,48A,27019,1680
27,L,48B,27019,1146
27,L,49A,27053,1090
27,L,49B,27053,970
27,L,50A,27053,1330
27,L,50B,27053,1048
27,L,51A,27053,1808
27,L,51B,27053,1404
27,L,52A,27037,946
27,L,52B,27037,1154
27,L,53A,27037,1088
27,L,53B,27037,954
27,L,53B,27163,804
27,L,54A,27139,1214
27,L,54B,27139,1594
27,L,55A,27037,208
27,L,55A,27139,776
27,L,55B,27037,794
27,L,56A,27037,866
27,L,56B,27037,906
27,L,57A,27037,816
27,L,57A,27139,528
27,L,57B,27037,960
27,L,58A,27037,38
27,L,58A,27131,1500
27,L,58A,27139,548
27,L,58B,27037,2098
27,L,58B,27049,236
27,L,58B,27131,114
27,L,59A,27053,1294
27,L,59B,27053,1134
27,L,60A,27053,1570
27,L,60B,27053,628
27,L,61A,27053,1126
27,L,61B,27053,1116
27,L,62A,27053,718
27,L,62B,27053,998
27,L,63A,27053,1446
27,L,63B,27053,1434
27,L,64A,27123,1244
27,L,64B,27123,1210
27,L,65A,27123,1130
27,L,65B,27037,330
27,L,65B,27123,1362
27,L,66A,27123,1426
27,L,66B,27123,1106
27,L,67A,27123,942
27,L,67B,27123,984
27,U,001,27027,310
27,U,001,27069,2422
27,U,001,27089,4436
27,U,001,27107,2538
27,U,001,27113,2214
27,U,001,27119,6292
27,U,001,27125,1302
27,U,001,27135,3496
27,U,002,27005,976
27,U,002,27007,5130
27,U,002,27021,1996
27,U,002,27029,2218
27,U,002,27057,760
27,U,002,27061,930
27,U,002,27077,2248
27,U,002,27087,1190
27,U,003,27031,2094
27,U,003,27061,1384
27,U,003,27071,3254
27,U,003,27075,2932
27,U,003,27137,6874
27,U,004,27005,2210
27,U,004,27027,4958
27,U,005,27005,1580
27,U,005,27021,2488
27,U,005,27057,2580
27,U,005,27097,512
27,U,005,27153,4144
27,U,005,27159,2334
27,U,006,27021,918
27,U,006,27035,6262
27,U,006,27061,1558
27,U,007,27001,1858
27,U,007,27061,2872
27,U,007,27137,8856
27,U,008,27137,3974
27,U,009,27041,1514
27,U,009,27051,1876
27,U,009,27111,9432
27,U,009,27155,1740
27,U,009,27167,2488
27,U,010,27001,1634
27,U,010,27009,1420
27,U,010,27035,674
27,U,010,27059,140
27,U,010,27065,602
27,U,010,27095,2110
27,U,010,27097,4640
27,U,011,27017,3352
27,U,011,27025,414
27,U,011,27065,1184
27,U,011,27115,4142
27,U,011,27137,388
27,U,012,27011,1738
27,U,012,27041,2342
27,U,012,27121,2524
27,U,012,27145,2722
27,U,012,27149,1920
27,U,012,27151,3206
27,U,013,27009,718
27,U,013,27145,5328
27,U,014,27009,498
27,U,014,27141,282
27,U,014,27145,2876
27,U,015,27013,370
27,U,015,27015,3264
27,U,015,27023,106
27,U,015,27073,2814
27,U,015,27083,3400
27,U,015,27127,4190
27,U,015,27173,3268
27,U,016,27023,2798
27,U,016,27067,4444
27,U,016,27093,2336
27,U,016,27129,4306
27,U,017,27019,1592
27,U,017,27085,3428
27,U,017,27093,828
27,U,017,27143,2678
27,U,017,27171,378
27,U,018,27013,1860
27,U,018,27079,120
27,U,018,27103,2984
27,U,019,27049,600
27,U,019,27131,2256
27,U,019,27147,2040
27,U,019,27161,1332
27,U,020,27037,82
27,U,020,27049,3742
27,U,020,27109,1594
27,U,020,27157,3076
27,U,020,27169,894
27,U,021,27033,2732
27,U,021,27063,2866
27,U,021,27081,1844
27,U,021,27091,650
27,U,021,27101,2512
27,U,021,27105,3436
27,U,021,27117,2312
27,U,021,27133,2016
27,U,021,27165,1184
27,U,022,27013,3226
27,U,022,27043,1646
27,U,022,27079,2652
27,U,022,27091,2980
27,U,022,27131,116
27,U,022,27139,666
27,U,022,27165,916
27,U,023,27043,2280
27,U,023,27047,4708
27,U,023,27099,3736
27,U,023,27147,966
27,U,023,27161,804
27,U,024,27039,2374
27,U,024,27109,2322
27,U,025,27109,2596
27,U,026,27045,3600
27,U,026,27055,2408
27,U,026,27099,608
27,U,026,27169,3496
27,U,027,27003,262
27,U,027,27059,358
27,U,027,27095,714
27,U,027,27141,3346
27,U,028,27025,2762
27,U,028,27059,2364
27,U,029,27053,28
27,U,029,27093,318
27,U,029,27171,4848
27,U,030,27003,348
27,U,030,27053,22
27,U,030,27141,774
27,U,030,27171,1696
27,U,031,27003,2900
27,U,031,27059,218
27,U,032,27003,2618
27,U,033,27163,3384
27,U,034,27003,158
27,U,034,27053,2022
27,U,034,27171,4
27,U,035,27003,2508
27,U,036,27003,854
27,U,036,27123,1764
27,U,036,27163,38
27,U,037,27053,2596
27,U,038,27053,2216
27,U,039,27003,1966
27,U,039,27053,184
27,U,039,27123,410
27,U,040,27123,2196
27,U,041,27037,956
27,U,041,27163,1952
27,U,042,27053,1596
27,U,043,27053,3052
27,U,044,27123,1458
27,U,044,27163,762
27,U,045,27053,3216
27,U,046,27053,2504
27,U,047,27123,274
27,U,047,27163,1512
27,U,048,27019,2826
27,U,049,27053,2060
27,U,050,27053,2378
27,U,051,27053,3212
27,U,052,27037,2100
27,U,053,27037,2042
27,U,053,27163,804
27,U,054,27139,2808
27,U,055,27037,1002
27,U,055,27139,776
27,U,056,27037,1772
27,U,057,27037,1776
27,U,057,27139,528
27,U,058,27037,2136
27,U,058,27049,236
27,U,058,27131,1614
27,U,058,27139,548
27,U,059,27053,2428
27,U,060,27053,2198
27,U,061,27053,2242
27,U,062,27053,1716
27,U,063,27053,2880
27,U,064,27123,2454
27,U,065,27037,330
27,U,065,27123,2492
27,U,066,27123,2532
27,U,067,27123,1926
28,L,001,28003,572
28,L,001,28141,2220
28,L,002,28003,1986
28,L,003,28003,184
28,L,003,28117,1900
28,L,003,28141,510
28,L,004,28003,192
28,L,004,28139,1932
28,L,005,28009,130
28,L,005,28071,66
28,L,005,28093,1274
28,L,006,28033,574
28,L,007,28033,634
28,L,008,28071,56
28,L,008,28137,948
28,L,009,28027,660
28,L,009,28033,250
28,L,009,28119,1462
28,L,009,28137,246
28,L,009,28143,1792
28,L,010,28071,670
28,L,010,28107,814
28,L,011,28107,1882
28,L,011,28137,144
28,L,012,28071,864
28,L,013,28009,784
28,L,013,28071,548
28,L,013,28093,290
28,L,013,28115,308
28,L,013,28145,224
28,L,014,28145,1978
28,L,015,28115,1746
28,L,016,28017,364
28,L,016,28081,1202
28,L,016,28095,172
28,L,017,28081,1110
28,L,018,28081,1332
28,L,018,28117,470
28,L,019,28057,316
28,L,019,28081,1438
28,L,020,28033,530
28,L,021,28057,1924
28,L,021,28095,550
28,L,022,28017,1194
28,L,022,28095,826
28,L,022,28115,268
28,L,023,28013,1528
28,L,023,28071,396
28,L,023,28115,164
28,L,023,28155,344
28,L,024,28033,634
28,L,025,28033,602
28,L,026,28011,264
28,L,026,28027,2532
28,L,026,28133,202
28,L,027,28007,394
28,L,027,28079,878
28,L,027,28089,470
28,L,027,28123,522
28,L,028,28033,800
28,L,029,28011,3296
28,L,029,28133,68
28,L,030,28043,802
28,L,030,28133,338
28,L,030,28135,1786
28,L,031,28011,556
28,L,031,28133,2628
28,L,032,28083,2594
28,L,033,28047,982
28,L,034,28015,48
28,L,034,28043,1110
28,L,034,28071,162
28,L,034,28135,2
28,L,034,28161,1532
28,L,035,28019,1142
28,L,035,28105,346
28,L,035,28155,826
28,L,035,28159,806
28,L,036,28017,72
28,L,036,28025,1384
28,L,036,28095,1010
28,L,036,28105,186
28,L,037,28025,188
28,L,037,28087,1266
28,L,037,28095,280
28,L,038,28025,106
28,L,038,28087,112
28,L,038,28105,1136
28,L,039,28087,1062
28,L,039,28095,1280
28,L,040,28033,476
28,L,041,28087,1586
28,L,042,28069,326
28,L,042,28087,320
28,L,042,28103,1314
28,L,042,28159,738
28,L,043,28105,900
28,L,044,28079,64
28,L,044,28099,2178
28,L,045,28069,854
28,L,045,28075,754
28,L,045,28099,514
28,L,045,28159,320
28,L,046,28015,1212
28,L,046,28043,104
28,L,046,28083,426
28,L,046,28097,1592
28,L,046,28155,190
28,L,047,28007,136
28,L,047,28051,1512
28,L,047,28163,678
28,L,048,28007,1810
28,L,048,28015,168
28,L,048,28051,284
28,L,048,28079,938
28,L,049,28151,2092
28,L,050,28011,384
28,L,050,28055,192
28,L,050,28151,2850
28,L,051,28051,456
28,L,051,28053,1502
28,L,051,28083,448
28,L,051,28125,1080
28,L,051,28163,834
28,L,052,28033,336
28,L,052,28093,590
28,L,053,28037,388
28,L,053,28077,336
28,L,053,28085,1402
28,L,053,28113,206
28,L,054,28055,436
28,L,054,28149,702
28,L,054,28163,776
28,L,055,28149,1512
28,L,056,28049,576
28,L,056,28089,322
28,L,057,28089,1400
28,L,057,28163,78
28,L,058,28089,618
28,L,059,28121,650
28,L,060,28121,854
28,L,061,28121,906
28,L,062,28029,136
28,L,062,28121,820
28,L,062,28127,16
28,L,063,28049,1796
28,L,064,28049,700
28,L,064,28089,124
28,L,065,28049,726
28,L,066,28049,854
28,L,067,28049,1558
28,L,068,28049,952
28,L,068,28121,712
28,L,069,28049,900
28,L,070,28049,940
28,L,071,28049,746
28,L,072,28049,254
28,L,072,28089,334
28,L,073,28089,844
28,L,074,28121,674
28,L,075,28089,300
28,L,075,28121,584
28,L,075,28123,656
28,L,076,28029,1912
28,L,076,28049,176
28,L,077,28121,480
28,L,077,28127,2054
28,L,078,28079,304
28,L,078,28099,2
28,L,078,28101,1552
28,L,078,28123,768
28,L,079,28061,290
28,L,079,28121,74
28,L,079,28123,542
28,L,079,28129,1740
28,L,080,28023,476
28,L,080,28061,536
28,L,080,28067,1432
28,L,081,28023,162
28,L,081,28075,1696
28,L,081,28101,544
28,L,082,28075,2286
28,L,083,28069,168
28,L,083,28075,1034
28,L,083,28101,104
28,L,084,28023,1830
28,L,084,28061,1094
28,L,084,28101,608
28,L,085,28021,984
28,L,085,28037,758
28,L,085,28063,520
28,L,085,28149,230
28,L,086,28041,308
28,L,086,28111,198
28,L,086,28153,2304
28,L,087,28035,140
28,L,087,28073,1102
28,L,088,28067,2002
28,L,089,28067,1658
28,L,090,28031,2410
28,L,090,28035,232
28,L,090,28065,96
28,L,090,28067,288
28,L,090,28127,446
28,L,091,28031,270
28,L,091,28065,1616
28,L,091,28077,990
28,L,091,28127,374
28,L,092,28029,598
28,L,092,28077,138
28,L,092,28085,1732
28,L,093,28045,292
28,L,093,28109,424
28,L,093,28131,738
28,L,094,28001,1084
28,L,094,28037,242
28,L,094,28063,398
28,L,095,28045,586
28,L,095,28047,366
28,L,096,28001,250
28,L,096,28005,1320
28,L,096,28113,454
28,L,096,28157,1234
28,L,097,28001,600
28,L,097,28005,502
28,L,097,28037,160
28,L,097,28113,892
28,L,098,28113,2090
28,L,098,28147,246
28,L,099,28073,472
28,L,099,28077,86
28,L,099,28091,684
28,L,099,28147,1136
28,L,100,28073,518
28,L,100,28091,1716
28,L,101,28073,674
28,L,102,28035,1120
28,L,102,28073,40
28,L,103,28035,1796
28,L,104,28035,1786
28,L,105,28039,202
28,L,105,28041,1674
28,L,105,28111,1552
28,L,106,28073,374
28,L,106,28109,1964
28,L,107,28039,1442
28,L,107,28131,764
28,L,108,28109,1364
28,L,109,28039,284
28,L,109,28059,1056
28,L,110,28059,1448
28,L,111,28059,1728
28,L,112,28059,1014
28,L,113,28059,980
28,L,114,28059,710
28,L,115,28047,1554
28,L,116,28047,1380
28,L,117,28047,566
28,L,118,28047,962
28,L,119,28047,1758
28,L,120,28047,1564
28,L,121,28047,1648
28,L,122,28045,3012
28,U,001,28033,1572
28,U,002,28033,1392
28,U,003,28009,914
28,U,003,28093,266
28,U,003,28115,1514
28,U,003,28117,470
28,U,003,28145,1920
28,U,004,28003,2934
28,U,004,28139,1932
28,U,005,28057,1630
28,U,005,28117,1900
28,U,005,28141,2730
28,U,006,28081,3436
28,U,007,28057,610
28,U,007,28081,1646
28,U,007,28095,3210
28,U,008,28013,1528
28,U,008,28017,1630
28,U,008,28071,380
28,U,008,28115,972
28,U,008,28161,1532
28,U,009,28071,2122
28,U,009,28107,800
28,U,010,28071,260
28,U,010,28093,1888
28,U,010,28137,1058
28,U,010,28145,282
28,U,011,28027,1932
28,U,011,28033,490
28,U,011,28119,1462
28,U,011,28137,280
28,U,011,28143,1792
28,U,012,28011,1916
28,U,012,28027,1260
28,U,012,28151,4942
28,U,013,28011,2584
28,U,013,28133,3236
28,U,013,28135,326
28,U,014,28007,1514
28,U,014,28015,1428
28,U,014,28043,2016
28,U,014,28083,428
28,U,014,28097,928
28,U,014,28135,2
28,U,015,28019,1142
28,U,015,28097,664
28,U,015,28105,1536
28,U,015,28155,1360
28,U,016,28025,1678
28,U,016,28087,1226
28,U,016,28103,492
28,U,016,28105,816
28,U,017,28087,3120
28,U,017,28095,908
28,U,017,28105,216
28,U,018,28079,1892
28,U,018,28099,2694
28,U,018,28159,886
28,U,019,28033,1382
28,U,020,28121,1492
28,U,021,28007,826
28,U,021,28051,2252
28,U,021,28079,292
28,U,021,28089,1664
28,U,022,28053,1502
28,U,022,28089,838
28,U,022,28125,1080
28,U,022,28163,1522
28,U,023,28055,628
28,U,023,28089,216
28,U,023,28149,2444
28,U,023,28163,844
28,U,024,28083,3040
28,U,024,28107,1896
28,U,024,28135,1460
28,U,025,28049,442
28,U,025,28089,1166
28,U,026,28049,1756
28,U,026,28089,528
28,U,027,28049,2592
28,U,028,28049,2338
28,U,029,28049,2758
28,U,030,28121,1772
28,U,031,28075,230
28,U,031,28101,2808
28,U,031,28121,132
28,U,031,28123,2488
28,U,032,28069,1348
28,U,032,28075,2886
28,U,032,28103,822
28,U,032,28159,978
28,U,033,28023,2468
28,U,033,28075,2654
28,U,034,28035,1364
28,U,034,28061,1920
28,U,034,28067,2068
28,U,035,28029,1172
28,U,035,28065,1712
28,U,035,28077,1082
28,U,035,28127,2890
28,U,036,28049,2
28,U,036,28121,2358
28,U,036,28129,1740
28,U,037,28001,1146
28,U,037,28021,984
28,U,037,28029,1474
28,U,037,28037,1160
28,U,037,28049,290
28,U,037,28063,918
28,U,038,28001,788
28,U,038,28005,1154
28,U,038,28113,2792
28,U,038,28147,464
28,U,038,28157,1234
28,U,039,28005,668
28,U,039,28037,388
28,U,039,28077,468
28,U,039,28085,3134
28,U,039,28113,850
28,U,040,28109,3752
28,U,040,28131,282
28,U,041,28031,2680
28,U,041,28073,602
28,U,041,28091,2400
28,U,041,28147,918
28,U,042,28035,546
28,U,042,28041,240
28,U,042,28067,3312
28,U,042,28153,108
28,U,043,28039,1928
28,U,043,28041,1742
28,U,043,28153,2196
28,U,044,28073,2578
28,U,045,28035,3164
28,U,045,28111,1750
28,U,046,28045,3232
28,U,046,28047,996
28,U,047,28047,1110
28,U,047,28059,1060
28,U,047,28131,1220
28,U,048,28045,658
28,U,048,28047,3598
28,U,049,28047,2386
28,U,050,28047,2690
28,U,051,28059,3126
28,U,052,28059,2750
29,L,001,29005,2042
29,L,001,29075,2032
29,L,001,29087,2052
29,L,001,29147,4418
29,L,002,29025,4128
29,L,002,29061,3882
29,L,002,29079,2460
29,L,002,29081,3726
29,L,002,29227,776
29,L,003,29001,2462
29,L,003,29129,1332
29,L,003,29171,1682
29,L,003,29211,2982
29,L,004,29001,560
29,L,004,29045,2082
29,L,004,29103,2306
29,L,004,29111,1978
29,L,004,29137,378
29,L,004,29197,1572
29,L,004,29199,2196
29,L,004,29205,1842
29,L,005,29127,3124
29,L,005,29173,2088
29,L,006,29121,5652
29,L,006,29175,2708
29,L,007,29033,2916
29,L,007,29115,5126
29,L,007,29117,3402
29,L,007,29177,840
29,L,008,29047,1664
29,L,008,29049,1318
29,L,009,29003,3062
29,L,009,29049,1270
29,L,009,29063,4156
29,L,010,29021,3330
29,L,011,29021,2562
29,L,012,29165,1202
29,L,013,29021,2172
29,L,013,29165,2600
29,L,014,29165,1148
29,L,015,29047,1136
29,L,016,29047,998
29,L,017,29047,1534
29,L,018,29047,1612
29,L,019,29095,2242
29,L,020,29095,1596
29,L,021,29095,1498
29,L,022,29095,1926
29,L,023,29095,2388
29,L,024,29095,1588
29,L,025,29095,1724
29,L,026,29095,1476
29,L,027,29095,1854
29,L,028,29095,1290
29,L,029,29095,1218
29,L,030,29095,1028
29,L,031,29095,1024
29,L,032,29095,1850
29,L,033,29095,1826
29,L,034,29095,1278
29,L,035,29095,1244
29,L,036,29095,1410
29,L,037,29095,1220
29,L,038,29047,1354
29,L,039,29047,2146
29,L,039,29095,4
29,L,040,29113,2338
29,L,040,29163,3238
29,L,041,29113,1804
29,L,042,29139,1130
29,L,042,29219,3222
29,L,043,29007,4926
29,L,043,29027,1518
29,L,043,29137,2988
29,L,044,29019,2278
29,L,045,29019,1144
29,L,046,29019,1390
29,L,047,29019,1858
29,L,048,29041,4906
29,L,048,29053,2558
29,L,048,29089,2760
29,L,048,29175,676
29,L,049,29027,3504
29,L,050,29019,1092
29,L,051,29107,2620
29,L,051,29195,4242
29,L,052,29159,4924
29,L,053,29107,2184
29,L,053,29177,2298
29,L,054,29101,2766
29,L,055,29037,2742
29,L,056,29037,1354
29,L,057,29015,3240
29,L,057,29101,2020
29,L,057,29159,884
29,L,058,29053,46
29,L,058,29135,3328
29,L,058,29141,2860
29,L,059,29051,2262
29,L,060,29051,1456
29,L,061,29073,2334
29,L,061,29131,282
29,L,061,29139,2444
29,L,061,29151,1936
29,L,062,29013,1244
29,L,062,29037,3046
29,L,063,29183,1108
29,L,064,29183,1354
29,L,065,29183,1588
29,L,066,29189,1196
29,L,067,29189,716
29,L,068,29189,960
29,L,069,29183,692
29,L,070,29189,1488
29,L,071,29189,948
29,L,072,29189,1202
29,L,073,29189,1564
29,L,074,29189,1824
29,L,075,29189,1050
29,L,076,29510,3370
29,L,077,29510,1618
29,L,078,29510,1926
29,L,079,29510,2000
29,L,080,29510,1562
29,L,081,29510,2076
29,L,082,29510,1932
29,L,083,29189,1290
29,L,084,29510,1630
29,L,085,29189,1624
29,L,086,29189,1114
29,L,087,29189,1336
29,L,088,29189,1210
29,L,089,29189,1168
29,L,090,29189,1144
29,L,091,29189,1206
29,L,092,29189,942
29,L,093,29189,1104
29,L,094,29189,818
29,L,095,29189,530
29,L,096,29189,1370
29,L,097,29099,916
29,L,098,29189,1068
29,L,099,29189,1068
29,L,100,29189,886
29,L,101,29189,938
29,L,102,29183,1426
29,L,103,29183,1020
29,L,104,29183,908
29,L,105,29183,1432
29,L,106,29183,1660
29,L,107,29183,960
29,L,108,29183,932
29,L,109,29071,2300
29,L,110,29189,954
29,L,111,29099,1758
29,L,112,29099,674
29,L,113,29099,1052
29,L,114,29099,2238
29,L,115,29099,2532
29,L,116,29123,1114
29,L,116,29187,1728
29,L,117,29187,3732
29,L,118,29071,2430
29,L,118,29221,990
29,L,119,29071,2312
29,L,120,29055,2770
29,L,120,29065,2136
29,L,121,29169,2100
29,L,121,29215,6
29,L,122,29161,2918
29,L,123,29029,3754
29,L,124,29131,2994
29,L,124,29169,1698
29,L,125,29013,2654
29,L,125,29039,1996
29,L,125,29217,4308
29,L,126,29015,726
29,L,126,29083,3720
29,L,126,29085,722
29,L,126,29185,3678
29,L,127,29011,3468
29,L,127,29039,1268
29,L,127,29057,3450
29,L,127,29097,1812
29,L,128,29085,1102
29,L,128,29167,4014
29,L,129,29225,3542
29,L,130,29077,2170
29,L,131,29077,2860
29,L,132,29077,2066
29,L,133,29077,1372
29,L,134,29077,1230
29,L,135,29077,1652
29,L,136,29077,1370
29,L,137,29077,2180
29,L,138,29043,1218
29,L,138,29209,4388
29,L,139,29043,1798
29,L,140,29043,2030
29,L,141,29067,656
29,L,141,29105,2908
29,L,141,29225,22
29,L,141,29229,2784
29,L,142,29029,594
29,L,142,29059,2004
29,L,142,29105,1232
29,L,143,29125,1374
29,L,143,29161,1190
29,L,143,29215,3428
29,L,144,29017,868
29,L,144,29093,1616
29,L,144,29123,578
29,L,144,29179,1976
29,L,144,29203,1304
29,L,144,29221,1892
29,L,144,29223,306
29,L,145,29157,2036
29,L,145,29186,1776
29,L,146,29031,3024
29,L,147,29031,1924
29,L,148,29201,4318
29,L,149,29133,2340
29,L,149,29143,3584
29,L,149,29155,1438
29,L,150,29023,988
29,L,150,29069,5182
29,L,150,29155,1622
29,L,151,29017,986
29,L,151,29031,530
29,L,151,29207,5350
29,L,152,29023,4246
29,L,153,29035,1130
29,L,153,29091,72
29,L,153,29149,1788
29,L,153,29181,1394
29,L,153,29203,564
29,L,153,29223,1898
29,L,154,29091,4944
29,L,155,29067,2210
29,L,155,29153,2574
29,L,155,29209,516
29,L,155,29213,2162
29,L,156,29213,2900
29,L,157,29109,6628
29,L,158,29009,5662
29,L,158,29119,446
29,L,159,29119,2222
29,L,159,29145,2418
29,L,160,29145,3364
29,L,161,29097,2530
29,L,162,29097,2396
29,L,163,29097,2978
29,U,001,29189,4824
29,U,002,29183,5202
29,U,003,29055,2770
29,U,003,29099,3116
29,U,003,29186,1776
29,U,003,29187,5460
29,U,003,29221,2882
29,U,004,29189,1994
29,U,004,29510,5326
29,U,005,29510,10788
29,U,006,29029,4348
29,U,006,29051,3718
29,U,006,29131,3276
29,U,006,29135,3328
29,U,006,29141,2860
29,U,007,29095,7638
29,U,008,29095,6044
29,U,009,29095,8500
29,U,010,29027,5022
29,U,010,29113,4142
29,U,010,29139,3574
29,U,010,29163,3238
29,U,010,29183,1622
29,U,011,29095,7502
29,U,012,29003,3062
29,U,012,29005,2042
29,U,012,29021,1546
29,U,012,29025,4128
29,U,012,29033,2916
29,U,012,29041,4906
29,U,012,29049,2588
29,U,012,29061,3882
29,U,012,29063,4156
29,U,012,29075,2032
29,U,012,29079,2460
29,U,012,29081,3726
29,U,012,29087,2052
29,U,012,29115,5126
29,U,012,29117,3402
29,U,012,29129,1332
29,U,012,29147,4418
29,U,012,29211,2982
29,U,012,29227,776
29,U,013,29189,5366
29,U,014,29189,7440
29,U,015,29189,4816
29,U,016,29065,2136
29,U,016,29105,4140
29,U,016,29125,1374
29,U,016,29161,4108
29,U,016,29169,3798
29,U,016,29229,2784
29,U,017,29047,6016
29,U,018,29001,3022
29,U,018,29007,4926
29,U,018,29045,2082
29,U,018,29103,2306
29,U,018,29111,1978
29,U,018,29121,5652
29,U,018,29127,3124
29,U,018,29137,3366
29,U,018,29171,1682
29,U,018,29173,2088
29,U,018,29175,3384
29,U,018,29197,1572
29,U,018,29199,2196
29,U,018,29205,1842
29,U,019,29019,7762
29,U,020,29011,3468
29,U,020,29057,3450
29,U,020,29077,6798
29,U,020,29225,3564
29,U,021,29047,4428
29,U,021,29053,2604
29,U,021,29089,2760
29,U,021,29107,4804
29,U,021,29177,3138
29,U,021,29195,4242
29,U,022,29099,6054
29,U,023,29183,6256
29,U,024,29189,5808
29,U,025,29023,5234
29,U,025,29035,1130
29,U,025,29069,5182
29,U,025,29133,2340
29,U,025,29143,3584
29,U,025,29149,1788
29,U,025,29155,3060
29,U,025,29181,1394
29,U,025,29207,5350
29,U,025,29223,2204
29,U,026,29071,7042
29,U,026,29073,2334
29,U,026,29151,1936
29,U,026,29189,470
29,U,026,29219,3222
29,U,027,29017,1854
29,U,027,29031,5478
29,U,027,29093,1616
29,U,027,29123,1692
29,U,027,29157,2036
29,U,027,29179,1976
29,U,027,29201,4318
29,U,028,29015,3966
29,U,028,29039,3264
29,U,028,29059,2004
29,U,028,29083,3720
29,U,028,29085,1824
29,U,028,29159,5808
29,U,028,29167,4014
29,U,028,29185,3678
29,U,028,29217,4308
29,U,029,29009,5662
29,U,029,29043,5046
29,U,029,29109,6628
29,U,029,29119,2668
29,U,030,29077,8102
29,U,031,29013,3898
29,U,031,29037,7142
29,U,031,29101,4786
29,U,032,29097,9716
29,U,032,29145,5782
29,U,033,29067,2866
29,U,033,29091,5016
29,U,033,29153,2574
29,U,033,29203,1868
29,U,033,29209,4904
29,U,033,29213,5062
29,U,033,29215,3434
29,U,034,29021,6518
29,U,034,29165,4950
30,L,001,30053,1684
30,L,002,30053,5962
30,L,003,30029,2094
30,L,004,30029,1062
30,L,005,30029,1012
30,L,006,30029,1448
30,L,007,30029,800
30,L,008,30029,564
30,L,009,30029,494
30,L,010,30029,752
30,L,010,30047,284
30,L,011,30029,774
30,L,012,30047,2142
30,L,013,30029,986
30,L,013,30089,1968
30,L,014,30061,1986
30,L,014,30063,152
30,L,014,30089,1632
30,L,015,30029,364
30,L,015,30035,422
30,L,015,30047,924
30,L,015,30073,174
30,L,016,30035,2068
30,L,017,30049,1048
30,L,017,30073,1318
30,L,017,30099,2406
30,L,018,30035,318
30,L,018,30073,598
30,L,018,30101,1744
30,L,019,30013,2228
30,L,020,30013,554
30,L,021,30013,558
30,L,022,30013,868
30,L,023,30013,728
30,L,024,30013,450
30,L,025,30013,592
30,L,026,30013,548
30,L,027,30013,266
30,L,027,30015,2138
30,L,027,30041,2120
30,L,027,30051,1430
30,L,028,30041,952
30,L,029,30027,1648
30,L,029,30069,656
30,L,030,30013,462
30,L,030,30027,1080
30,L,030,30037,960
30,L,030,30045,1890
30,L,030,30059,1860
30,L,030,30107,1130
30,L,031,30085,1284
30,L,031,30105,1022
30,L,032,30005,1438
30,L,032,30015,148
30,L,032,30041,712
30,L,032,30071,1148
30,L,033,30005,1464
30,L,033,30041,774
30,L,033,30071,1598
30,L,033,30105,834
30,L,034,30019,924
30,L,034,30085,1244
30,L,034,30091,2142
30,L,034,30105,1298
30,L,035,30083,2898
30,L,036,30021,1818
30,L,036,30109,476
30,L,037,30011,1494
30,L,037,30017,574
30,L,037,30025,1318
30,L,037,30033,2000
30,L,037,30055,812
30,L,037,30075,708
30,L,037,30079,754
30,L,038,30017,1146
30,L,039,30017,606
30,L,039,30087,1366
30,L,039,30103,514
30,L,039,30111,1116
30,L,040,30065,1722
30,L,040,30111,636
30,L,041,30003,2092
30,L,041,30075,1482
30,L,041,30087,916
30,L,042,30003,2244
30,L,042,30111,360
30,L,043,30111,524
30,L,044,30111,368
30,L,045,30111,420
30,L,046,30111,420
30,L,047,30111,624
30,L,048,30111,394
30,L,049,30111,608
30,L,050,30111,416
30,L,051,30111,666
30,L,052,30111,432
30,L,053,30111,876
30,L,054,30111,416
30,L,055,30111,902
30,L,056,30111,636
30,L,057,30095,2194
30,L,057,30097,450
30,L,058,30009,3116
30,L,059,30031,260
30,L,059,30067,2248
30,L,059,30097,1450
30,L,060,30067,1434
30,L,061,30031,944
30,L,062,30031,670
30,L,063,30031,434
30,L,064,30031,2010
30,L,065,30031,854
30,L,066,30031,512
30,L,067,30031,870
30,L,068,30031,578
30,L,069,30031,2616
30,L,070,30007,2048
30,L,070,30049,508
30,L,071,30043,510
30,L,071,30057,3574
30,L,071,30093,192
30,L,072,30001,4584
30,L,072,30093,876
30,L,073,30093,926
30,L,074,30093,968
30,L,075,30043,2278
30,L,076,30093,800
30,L,077,30023,1226
30,L,077,30039,1604
30,L,078,30023,440
30,L,078,30077,852
30,L,078,30093,506
30,L,079,30049,898
30,L,080,30049,1404
30,L,080,30077,1778
30,L,081,30049,484
30,L,082,30049,696
30,L,083,30049,732
30,L,084,30049,740
30,L,085,30081,3060
30,L,086,30081,776
30,L,087,30081,1166
30,L,088,30081,1066
30,L,089,30063,846
30,L,090,30063,288
30,L,091,30063,594
30,L,092,30063,1926
30,L,093,30047,2130
30,L,094,30063,858
30,L,095,30063,530
30,L,096,30063,846
30,L,097,30063,802
30,L,098,30063,568
30,L,099,30063,372
30,L,100,30063,660
30,U,001,30053,7646
30,U,002,30029,3156
30,U,003,30029,2460
30,U,004,30029,1364
30,U,005,30029,1246
30,U,005,30047,284
30,U,006,30029,774
30,U,006,30047,2142
30,U,007,30029,986
30,U,007,30061,1986
30,U,007,30063,152
30,U,007,30089,3600
30,U,008,30029,364
30,U,008,30035,2490
30,U,008,30047,924
30,U,008,30073,174
30,U,009,30035,318
30,U,009,30049,1048
30,U,009,30073,1916
30,U,009,30099,2406
30,U,009,30101,1744
30,U,010,30013,2782
30,U,011,30013,1426
30,U,012,30013,1178
30,U,013,30013,1140
30,U,014,30013,266
30,U,014,30015,2138
30,U,014,30041,3072
30,U,014,30051,1430
30,U,015,30013,462
30,U,015,30027,2728
30,U,015,30037,960
30,U,015,30045,1890
30,U,015,30059,1860
30,U,015,30069,656
30,U,015,30107,1130
30,U,016,30005,1438
30,U,016,30015,148
30,U,016,30041,712
30,U,016,30071,1148
30,U,016,30085,1284
30,U,016,30105,1022
30,U,017,30005,1464
30,U,017,30019,924
30,U,017,30041,774
30,U,017,30071,1598
30,U,017,30085,1244
30,U,017,30091,2142
30,U,017,30105,2132
30,U,018,30021,1818
30,U,018,30083,2898
30,U,018,30109,476
30,U,019,30011,1494
30,U,019,30017,1720
30,U,019,30025,1318
30,U,019,30033,2000
30,U,019,30055,812
30,U,019,30075,708
30,U,019,30079,754
30,U,020,30017,606
30,U,020,30065,1722
30,U,020,30087,1366
30,U,020,30103,514
30,U,020,30111,1752
30,U,021,30003,4336
30,U,021,30075,1482
30,U,021,30087,916
30,U,021,30111,360
30,U,022,30111,892
30,U,023,30111,840
30,U,024,30111,1018
30,U,025,30111,1024
30,U,026,30111,1098
30,U,027,30111,1292
30,U,028,30111,1538
30,U,029,30009,3116
30,U,029,30095,2194
30,U,029,30097,450
30,U,030,30031,260
30,U,030,30067,3682
30,U,030,30097,1450
30,U,031,30031,1614
30,U,032,30031,2444
30,U,033,30031,1366
30,U,034,30031,1448
30,U,035,30007,2048
30,U,035,30031,2616
30,U,035,30049,508
30,U,036,30001,4584
30,U,036,30043,510
30,U,036,30057,3574
30,U,036,30093,1068
30,U,037,30093,1894
30,U,038,30043,2278
30,U,038,30093,800
30,U,039,30023,1666
30,U,039,30039,1604
30,U,039,30077,852
30,U,039,30093,506
30,U,040,30049,2302
30,U,040,30077,1778
30,U,041,30049,1180
30,U,042,30049,1472
30,U,043,30081,3836
30,U,044,30081,2232
30,U,045,30063,1134
30,U,046,30063,2520
30,U,047,30047,2130
30,U,047,30063,858
30,U,048,30063,1376
30,U,049,30063,1370
30,U,050,30063,1032
31,U,001,31097,1514
31,U,001,31127,2002
31,U,001,31131,3752
31,U,001,31133,1352
31,U,001,31147,2360
31,U,002,31025,3684
31,U,002,31109,586
31,U,003,31153,1408
31,U,004,31055,1482
31,U,005,31055,1732
31,U,006,31055,1286
31,U,007,31055,1522
31,U,008,31055,1698
31,U,009,31055,1426
31,U,010,31055,1118
31,U,011,31055,2028
31,U,012,31055,1348
31,U,013,31055,1924
31,U,014,31153,1366
31,U,015,31053,4992
31,U,015,31055,750
31,U,016,31021,1908
31,U,016,31039,2252
31,U,016,31167,968
31,U,016,31177,2392
31,U,017,31043,2276
31,U,017,31051,522
31,U,017,31173,1792
31,U,017,31179,1926
31,U,018,31055,1488
31,U,019,31119,4348
31,U,019,31139,1036
31,U,020,31055,1512
31,U,021,31109,2662
31,U,022,31141,5444
31,U,022,31167,858
31,U,023,31023,2214
31,U,023,31037,2028
31,U,023,31155,5010
31,U,024,31023,690
31,U,024,31143,1570
31,U,024,31159,2816
31,U,024,31185,3084
31,U,025,31109,1884
31,U,026,31109,1730
31,U,027,31109,1650
31,U,028,31109,1612
31,U,029,31109,1454
31,U,030,31067,4202
31,U,030,31109,878
31,U,031,31055,1212
31,U,032,31059,2788
31,U,032,31095,1962
31,U,032,31109,1300
31,U,032,31151,2950
31,U,032,31169,2394
31,U,033,31001,4030
31,U,033,31099,2012
31,U,033,31137,1516
31,U,034,31079,812
31,U,034,31081,2650
31,U,034,31121,2602
31,U,034,31125,1330
31,U,035,31079,3474
31,U,036,31055,228
31,U,036,31153,1858
31,U,037,31019,3382
31,U,038,31035,2512
31,U,038,31061,894
31,U,038,31065,2504
31,U,038,31083,2006
31,U,038,31129,2016
31,U,038,31137,1316
31,U,038,31145,1984
31,U,038,31181,1714
31,U,039,31055,1936
31,U,040,31003,2682
31,U,040,31027,3126
31,U,040,31051,1544
31,U,040,31089,4686
31,U,040,31107,2618
31,U,040,31139,1176
31,U,041,31011,2018
31,U,041,31019,2630
31,U,041,31077,768
31,U,041,31079,1846
31,U,041,31093,1930
31,U,041,31163,1510
31,U,041,31175,1534
31,U,041,31183,144
31,U,042,31091,154
31,U,042,31111,5724
31,U,042,31113,126
31,U,042,31117,114
31,U,042,31135,552
31,U,042,31171,186
31,U,043,31009,176
31,U,043,31015,798
31,U,043,31017,858
31,U,043,31031,1420
31,U,043,31041,4950
31,U,043,31045,1934
31,U,043,31071,484
31,U,043,31103,244
31,U,043,31115,160
31,U,043,31149,480
31,U,043,31161,2348
31,U,044,31029,1186
31,U,044,31047,4462
31,U,044,31057,748
31,U,044,31063,1402
31,U,044,31073,796
31,U,044,31085,412
31,U,044,31087,1122
31,U,044,31135,362
31,U,045,31153,1834
31,U,046,31109,1652
31,U,047,31005,92
31,U,047,31013,2214
31,U,047,31033,2696
31,U,047,31049,682
31,U,047,31069,632
31,U,047,31075,124
31,U,047,31101,2334
31,U,047,31123,1926
31,U,047,31165,496
31,U,048,31007,360
31,U,048,31105,1312
31,U,048,31157,5916
31,U,049,31153,1608
32,L,001,32003,1272
32,L,002,32003,1192
32,L,003,32003,1434
32,L,004,32003,2034
32,L,005,32003,1030
32,L,006,32003,1554
32,L,007,32003,1300
32,L,008,32003,1152
32,L,009,32003,950
32,L,010,32003,1598
32,L,011,32003,1468
32,L,012,32003,1154
32,L,013,32003,1664
32,L,014,32003,1372
32,L,015,32003,1164
32,L,016,32003,1740
32,L,017,32003,1420
32,L,018,32003,1102
32,L,019,32003,3514
32,L,020,32003,1140
32,L,021,32003,1230
32,L,022,32003,1784
32,L,023,32003,3056
32,L,024,32031,2092
32,L,025,32031,1974
32,L,026,32031,2790
32,L,027,32031,1796
32,L,028,32003,992
32,L,029,32003,1318
32,L,030,32031,1648
32,L,031,32031,1824
32,L,032,32007,976
32,L,032,32011,184
32,L,032,32013,5074
32,L,032,32015,1690
32,L,032,32027,2464
32,L,032,32031,2942
32,L,033,32007,9884
32,L,033,32011,1516
32,L,033,32017,2654
32,L,033,32023,3734
32,L,033,32033,4606
32,L,034,32003,1104
32,L,035,32003,1034
32,L,036,32003,2096
32,L,036,32017,4
32,L,036,32023,2686
32,L,037,32003,1512
32,L,038,32001,2806
32,L,038,32009,882
32,L,038,32019,2956
32,L,038,32021,1990
32,L,038,32023,1932
32,L,039,32005,2850
32,L,039,32019,1536
32,L,040,32029,748
32,L,040,32031,488
32,L,040,32510,2280
32,L,041,32003,1214
32,L,042,32003,1218
32,U,001,32003,2690
32,U,002,32003,2460
32,U,003,32003,3032
32,U,004,32003,2856
32,U,005,32003,3102
32,U,006,32003,2616
32,U,007,32003,2242
32,U,008,32003,2222
32,U,009,32003,2168
32,U,010,32003,2904
32,U,011,32003,2186
32,U,012,32003,2444
32,U,013,32031,3740
32,U,014,32007,976
32,U,014,32011,184
32,U,014,32013,5074
32,U,014,32015,1690
32,U,014,32027,2464
32,U,014,32031,4766
32,U,015,32031,3770
32,U,016,32029,748
32,U,016,32031,3278
32,U,016,32510,2280
32,U,017,32001,2806
32,U,017,32005,2850
32,U,017,32009,882
32,U,017,32019,4492
32,U,017,32021,1990
32,U,017,32023,1932
32,U,018,32003,3698
32,U,019,32003,2096
32,U,019,32007,9884
32,U,019,32011,1516
32,U,019,32017,2658
32,U,019,32023,6420
32,U,019,32033,4606
32,U,020,32003,6570
32,U,021,32003,2526
33,L,001,33001,404
33,L,002,33001,392
33,L,003,33001,434
33,L,004,33001,338
33,L,005,33001,624
33,L,006,33001,756
33,L,007,33001,764
33,L,101,33003,732
33,L,102,33003,1034
33,L,103,33003,1102
33,L,104,33003,940
33,L,105,33003,418
33,L,106,33003,596
33,L,201,33005,180
33,L,202,33005,122
33,L,203,33005,184
33,L,204,33005,136
33,L,205,33005,404
33,L,206,33005,546
33,L,207,33005,188
33,L,208,33005,556
33,L,209,33005,508
33,L,210,33005,480
33,L,211,33005,316
33,L,212,33005,336
33,L,213,33005,442
33,L,214,33005,304
33,L,301,33007,830
33,L,302,33007,1618
33,L,303,33007,564
33,L,304,33007,522
33,L,305,33007,678
33,L,306,33007,770
33,L,401,33009,1060
33,L,402,33009,402
33,L,403,33009,534
33,L,404,33009,380
33,L,405,33009,780
33,L,406,33009,456
33,L,407,33009,320
33,L,408,33009,674
33,L,409,33009,330
33,L,410,33009,342
33,L,411,33009,442
33,L,412,33009,516
33,L,413,33009,176
33,L,414,33009,184
33,L,415,33009,186
33,L,416,33009,222
33,L,501,33011,316
33,L,502,33011,622
33,L,503,33011,282
33,L,504,33011,292
33,L,505,33011,280
33,L,506,33011,306
33,L,507,33011,312
33,L,508,33011,336
33,L,509,33011,282
33,L,510,33011,252
33,L,511,33011,204
33,L,512,33011,724
33,L,513,33011,674
33,L,514,33011,208
33,L,515,33011,368
33,L,516,33011,256
33,L,517,33011,320
33,L,518,33011,122
33,L,519,33011,346
33,L,520,33011,270
33,L,521,33011,334
33,L,522,33011,304
33,L,523,33011,472
33,L,524,33011,316
33,L,525,33011,284
33,L,526,33011,288
33,L,527,33011,358
33,L,528,33011,350
33,L,529,33011,492
33,L,530,33011,782
33,L,531,33011,304
33,L,532,33011,544
33,L,533,33011,324
33,L,534,33011,362
33,L,535,33011,254
33,L,536,33011,374
33,L,542,33011,510
33,L,543,33011,396
33,L,601,33013,136
33,L,602,33013,184
33,L,603,33013,412
33,L,604,33013,518
33,L,605,33013,752
33,L,606,33013,382
33,L,607,33013,414
33,L,608,33013,776
33,L,609,33013,614
33,L,610,33013,638
33,L,611,33013,178
33,L,612,33013,250
33,L,613,33013,316
33,L,614,33013,224
33,L,615,33013,194
33,L,616,33013,78
33,L,617,33013,62
33,L,618,33013,234
33,L,619,33013,194
33,L,620,33013,204
33,L,621,33013,164
33,L,622,33013,182
33,L,623,33013,58
33,L,624,33013,186
33,L,701,33015,458
33,L,702,33015,776
33,L,703,33015,198
33,L,704,33015,358
33,L,705,33015,324
33,L,706,33015,170
33,L,707,33015,168
33,L,708,33015,138
33,L,709,33015,228
33,L,710,33015,320
33,L,711,33015,584
33,L,712,33015,218
33,L,713,33015,610
33,L,714,33015,380
33,L,715,33015,198
33,L,716,33015,588
33,L,717,33015,344
33,L,718,33015,176
33,L,719,33015,220
33,L,720,33015,384
33,L,721,33015,302
33,L,722,33015,198
33,L,723,33015,238
33,L,724,33015,420
33,L,725,33015,844
33,L,726,33015,234
33,L,727,33015,130
33,L,728,33015,168
33,L,729,33015,588
33,L,730,33015,224
33,L,801,33017,272
33,L,802,33017,442
33,L,803,33017,208
33,L,804,33017,538
33,L,805,33017,120
33,L,806,33017,142
33,L,807,33017,152
33,L,808,33017,158
33,L,809,33017,176
33,L,810,33017,374
33,L,811,33017,396
33,L,812,33017,498
33,L,813,33017,120
33,L,814,33017,184
33,L,815,33017,142
33,L,816,33017,140
33,L,817,33017,142
33,L,901,33019,192
33,L,902,33019,370
33,L,903,33019,866
33,L,904,33019,638
33,L,905,33019,358
33,L,906,33019,684
33,L,ZZZ,33015,6
33,U,001,33007,4822
33,U,001,33009,2770
33,U,002,33001,2468
33,U,002,33003,250
33,U,002,33009,1000
33,U,003,33003,4572
33,U,003,33007,160
33,U,003,33009,290
33,U,003,33017,330
33,U,004,33017,1652
33,U,005,33009,2212
33,U,005,33013,244
33,U,005,33019,684
33,U,006,33001,658
33,U,006,33017,1550
33,U,007,33001,232
33,U,007,33009,732
33,U,007,33011,412
33,U,007,33013,2628
33,U,007,33019,54
33,U,008,33005,354
33,U,008,33011,1078
33,U,008,33013,108
33,U,008,33019,2370
33,U,009,33005,1318
33,U,009,33011,1408
33,U,010,33005,2726
33,U,010,33011,470
33,U,011,33011,1702
33,U,012,33005,304
33,U,012,33011,1678
33,U,013,33011,1702
33,U,014,33011,674
33,U,014,33015,928
33,U,015,33013,2170
33,U,016,33011,826
33,U,016,33013,530
33,U,016,33015,536
33,U,017,33001,354
33,U,017,33013,1670
33,U,017,33015,716
33,U,018,33011,1674
33,U,019,33015,1152
33,U,020,33011,1880
33,U,021,33015,1352
33,U,021,33017,672
33,U,022,33011,316
33,U,022,33015,1228
33,U,023,33015,2100
33,U,024,33015,2174
33,U,ZZZ,33015,6
34,L,001,34001,658
34,L,001,34009,9074
34,L,001,34011,5520
34,L,002,34001,11160
34,L,003,34011,1086
34,L,003,34015,6186
34,L,003,34033,4038
34,L,004,34001,848
34,L,004,34007,3410
34,L,004,34015,2920
34,L,005,34007,7410
34,L,005,34015,1622
34,L,006,34005,534
34,L,006,34007,6720
34,L,007,34005,7660
34,L,008,34001,1938
34,L,008,34005,9174
34,L,009,34029,11246
34,L,010,34025,1256
34,L,010,34029,8282
34,L,011,34025,8294
34,L,012,34005,246
34,L,012,34023,1884
34,L,012,34025,2276
34,L,012,34029,1738
34,L,013,34025,8196
34,L,014,34021,4214
34,L,014,34023,2346
34,L,015,34019,1234
34,L,015,34021,6026
34,L,016,34019,2486
34,L,016,34021,750
34,L,016,34023,1098
34,L,016,34035,1972
34,L,017,34023,3396
34,L,017,34035,1924
34,L,018,34023,6112
34,L,019,34023,6156
34,L,020,34039,4106
34,L,021,34023,650
34,L,021,34027,898
34,L,021,34035,1692
34,L,021,34039,3122
34,L,022,34035,442
34,L,022,34039,5650
34,L,023,34019,1914
34,L,023,34035,2838
34,L,023,34041,5306
34,L,024,34027,2824
34,L,024,34037,6418
34,L,024,34041,390
34,L,025,34027,6648
34,L,025,34031,1160
34,L,026,34027,5568
34,L,026,34031,1342
34,L,027,34013,3640
34,L,027,34031,2112
34,L,028,34013,3260
34,L,028,34039,516
34,L,029,34013,3362
34,L,029,34017,326
34,L,030,34025,3560
34,L,030,34029,1672
34,L,031,34017,3120
34,L,032,34017,2180
34,L,033,34017,2612
34,L,034,34013,4130
34,L,035,34003,1108
34,L,035,34031,3198
34,L,036,34003,3302
34,L,036,34031,894
34,L,037,34003,5442
34,L,038,34003,5992
34,L,039,34003,7114
34,L,040,34003,1572
34,L,040,34013,1604
34,L,040,34031,3170
34,U,001,34001,658
34,U,001,34009,9074
34,U,001,34011,5520
34,U,002,34001,11160
34,U,003,34011,1086
34,U,003,34015,6186
34,U,003,34033,4038
34,U,004,34001,848
34,U,004,34007,3410
34,U,004,34015,2920
34,U,005,34007,7410
34,U,005,34015,1622
34,U,006,34005,534
34,U,006,34007,6720
34,U,007,34005,7660
34,U,008,34001,1938
34,U,008,34005,9174
34,U,009,34029,11246
34,U,010,34025,1256
34,U,010,34029,8282
34,U,011,34025,8294
34,U,012,34005,246
34,U,012,34023,1884
34,U,012,34025,2276
34,U,012,34029,1738
34,U,013,34025,8196
34,U,014,34021,4214
34,U,014,34023,2346
34,U,015,34019,1234
34,U,015,34021,6026
34,U,016,34019,2486
34,U,016,34021,750
34,U,016,34023,1098
34,U,016,34035,1972
34,U,017,34023,3396
34,U,017,34035,1924
34,U,018,34023,6112
34,U,019,34023,6156
34,U,020,34039,4106
34,U,021,34023,650
34,U,021,34027,898
34,U,021,34035,1692
34,U,021,34039,3122
34,U,022,34035,442
34,U,022,34039,5650
34,U,023,34019,1914
34,U,023,34035,2838
34,U,023,34041,5306
34,U,024,34027,2824
34,U,024,34037,6418
34,U,024,34041,390
34,U,025,34027,6648
34,U,025,34031,1160
34,U,026,34027,5568
34,U,026,34031,1342
34,U,027,34013,3640
34,U,027,34031,2112
34,U,028,34013,3260
34,U,028,34039,516
34,U,029,34013,3362
34,U,029,34017,326
34,U,030,34025,3560
34,U,030,34029,1672
34,U,031,34017,3120
34,U,032,34017,2180
34,U,033,34017,2612
34,U,034,34013,4130
34,U,035,34003,1108
34,U,035,34031,3198
34,U,036,34003,3302
34,U,036,34031,894
34,U,037,34003,5442
34,U,038,34003,5992
34,U,039,34003,7114
34,U,040,34003,1572
34,U,040,34013,1604
34,U,040,34031,3170
35,L,001,35045,1892
35,L,002,35045,1682
35,L,003,35045,2840
35,L,004,35045,3360
35,L,005,35031,3828
35,L,005,35045,1864
35,L,006,35006,4014
35,L,006,35031,4142
35,L,007,35061,1612
35,L,008,35061,1636
35,L,009,35031,4156
35,L,010,35001,1726
35,L,011,35001,1566
35,L,012,35001,812
35,L,013,35001,754
35,L,014,35001,1410
35,L,015,35001,1270
35,L,016,35001,800
35,L,017,35001,838
35,L,018,35001,1400
35,L,019,35001,938
35,L,020,35001,970
35,L,021,35001,802
35,L,022,35001,1168
35,L,022,35057,2498
35,L,023,35043,1272
35,L,024,35001,992
35,L,025,35001,1182
35,L,026,35001,1014
35,L,027,35001,786
35,L,028,35001,794
35,L,029,35001,1220
35,L,030,35001,626
35,L,031,35001,978
35,L,032,35013,400
35,L,032,35023,1628
35,L,032,35029,6248
35,L,033,35013,1936
35,L,034,35013,1930
35,L,035,35013,1666
35,L,036,35013,1786
35,L,037,35013,1084
35,L,038,35013,1890
35,L,038,35051,1426
35,L,038,35053,1458
35,L,039,35003,156
35,L,039,35017,3934
35,L,039,35023,98
35,L,040,35007,4022
35,L,040,35033,1778
35,L,040,35039,1410
35,L,040,35047,502
35,L,040,35055,18
35,L,041,35039,5150
35,L,041,35043,416
35,L,041,35049,56
35,L,041,35055,1184
35,L,042,35055,3022
35,L,043,35028,742
35,L,043,35043,770
35,L,043,35049,472
35,L,044,35001,318
35,L,044,35043,956
35,L,045,35049,866
35,L,046,35049,2338
35,L,047,35049,1706
35,L,048,35049,1024
35,L,049,35003,2498
35,L,049,35051,1426
35,L,049,35053,2832
35,L,049,35061,1478
35,L,050,35043,430
35,L,050,35049,2056
35,L,051,35035,1840
35,L,052,35013,1850
35,L,053,35013,1462
35,L,053,35035,256
35,L,054,35005,326
35,L,054,35015,2902
35,L,054,35035,3308
35,L,055,35015,3666
35,L,055,35025,1694
35,L,056,35027,4666
35,L,056,35035,1928
35,L,057,35043,2750
35,L,058,35005,3172
35,L,059,35005,1868
35,L,060,35043,2714
35,L,061,35025,3658
35,L,062,35025,1298
35,L,063,35009,2346
35,L,063,35011,2062
35,L,063,35019,1804
35,L,063,35041,942
35,L,063,35047,50
35,L,064,35005,2030
35,L,064,35009,1146
35,L,064,35041,2260
35,L,065,35039,1692
35,L,065,35043,3472
35,L,065,35045,2342
35,L,066,35005,1310
35,L,066,35015,3614
35,L,066,35025,2264
35,L,067,35007,802
35,L,067,35009,1456
35,L,067,35021,1430
35,L,067,35037,4322
35,L,067,35047,608
35,L,067,35059,4208
35,L,068,35001,862
35,L,069,35001,660
35,L,069,35006,2864
35,L,069,35031,3034
35,L,069,35045,758
35,L,069,35053,436
35,L,069,35061,436
35,L,070,35047,4270
35,L,070,35057,1640
35,U,001,35045,2662
35,U,002,35045,4104
35,U,003,35031,3128
35,U,003,35045,3396
35,U,004,35006,3488
35,U,004,35031,6260
35,U,004,35045,1476
35,U,005,35028,514
35,U,005,35039,4348
35,U,005,35043,2
35,U,005,35049,276
35,U,006,35028,228
35,U,006,35039,436
35,U,006,35049,894
35,U,006,35055,3790
35,U,007,35009,3912
35,U,007,35021,66
35,U,007,35037,3530
35,U,007,35059,4208
35,U,008,35007,4824
35,U,008,35019,1804
35,U,008,35021,1364
35,U,008,35033,1778
35,U,008,35037,792
35,U,008,35047,4354
35,U,008,35055,434
35,U,009,35001,330
35,U,009,35043,1948
35,U,010,35001,2164
35,U,011,35001,1286
35,U,012,35001,500
35,U,012,35043,1120
35,U,013,35001,2498
35,U,014,35001,1894
35,U,015,35001,1398
35,U,016,35001,2332
35,U,017,35001,1332
35,U,018,35001,1356
35,U,019,35001,1710
35,U,019,35043,140
35,U,019,35049,980
35,U,019,35057,1152
35,U,020,35001,1364
35,U,021,35001,1508
35,U,022,35001,302
35,U,022,35031,5446
35,U,022,35039,3468
35,U,022,35043,4334
35,U,022,35045,3100
35,U,023,35001,1602
35,U,024,35049,1592
35,U,025,35049,3030
35,U,026,35001,1660
35,U,027,35005,3846
35,U,027,35009,1036
35,U,027,35011,2062
35,U,027,35025,1308
35,U,027,35041,3202
35,U,028,35017,3228
35,U,028,35023,1628
35,U,028,35029,5424
35,U,029,35053,1608
35,U,029,35061,2858
35,U,030,35001,650
35,U,030,35006,3390
35,U,030,35031,326
35,U,030,35053,666
35,U,030,35061,1622
35,U,031,35013,2124
35,U,031,35035,216
35,U,032,35005,3846
35,U,032,35015,1850
35,U,033,35005,590
35,U,033,35027,4666
35,U,033,35035,2360
35,U,034,35015,3270
35,U,034,35035,4756
35,U,035,35003,2654
35,U,035,35013,2164
35,U,035,35017,706
35,U,035,35023,98
35,U,035,35029,824
35,U,035,35051,2852
35,U,035,35053,2452
35,U,036,35013,3404
35,U,037,35013,2360
35,U,038,35013,3952
35,U,039,35047,1076
35,U,039,35049,1746
35,U,039,35057,2986
35,U,039,35061,682
35,U,040,35043,5236
35,U,041,35015,2222
35,U,041,35025,5414
35,U,042,35005,424
35,U,042,35015,2840
35,U,042,35025,2192
36,L,001,36103,7972
36,L,002,36103,4306
36,L,003,36103,4496
36,L,004,36103,3264
36,L,005,36103,3796
36,L,006,36103,3088
36,L,007,36103,4736
36,L,008,36103,3914
36,L,009,36059,1562
36,L,009,36103,2986
36,L,010,36059,238
36,L,010,36103,3026
36,L,011,36059,234
36,L,011,36103,4180
36,L,012,36103,3750
36,L,013,36059,4100
36,L,014,36059,3844
36,L,015,36059,4084
36,L,016,36059,4124
36,L,017,36059,3650
36,L,018,36059,2608
36,L,019,36059,4262
36,L,020,36059,3550
36,L,021,36059,4128
36,L,022,36059,3292
36,L,023,36081,2426
36,L,024,36081,1534
36,L,025,36081,1874
36,L,026,36081,2542
36,L,027,36081,1868
36,L,028,36081,1394
36,L,029,36081,2068
36,L,030,36081,1238
36,L,031,36081,1968
36,L,032,36081,1494
36,L,033,36081,2394
36,L,034,36081,958
36,L,035,36081,826
36,L,036,36081,1050
36,L,037,36081,1638
36,L,038,36081,1178
36,L,039,36081,690
36,L,040,36081,1048
36,L,041,36047,1088
36,L,042,36047,698
36,L,043,36047,552
36,L,044,36047,820
36,L,045,36047,1176
36,L,046,36047,1134
36,L,047,36047,762
36,L,048,36047,812
36,L,049,36047,790
36,L,050,36047,1274
36,L,051,36047,1064
36,L,052,36047,1306
36,L,053,36047,1010
36,L,054,36047,966
36,L,055,36047,876
36,L,056,36047,640
36,L,057,36047,800
36,L,058,36047,1036
36,L,059,36047,1494
36,L,060,36047,1104
36,L,061,36047,20
36,L,061,36061,346
36,L,061,36085,1566
36,L,062,36085,2870
36,L,063,36085,2416
36,L,064,36047,288
36,L,064,36085,2492
36,L,065,36061,878
36,L,066,36061,1068
36,L,067,36061,478
36,L,068,36061,618
36,L,069,36061,498
36,L,070,36061,544
36,L,071,36061,598
36,L,072,36061,568
36,L,073,36061,722
36,L,074,36061,552
36,L,075,36061,792
36,L,076,36061,424
36,L,077,36005,662
36,L,078,36005,624
36,L,079,36005,732
36,L,080,36005,1036
36,L,081,36005,1060
36,L,082,36005,1794
36,L,083,36005,1116
36,L,084,36005,1118
36,L,085,36005,952
36,L,086,36005,698
36,L,087,36005,848
36,L,088,36119,3990
36,L,089,36119,1816
36,L,090,36119,2446
36,L,091,36119,3054
36,L,092,36119,4528
36,L,093,36119,4190
36,L,094,36079,3028
36,L,094,36119,1166
36,L,095,36079,492
36,L,095,36119,2926
36,L,096,36087,3346
36,L,097,36087,2488
36,L,098,36071,4498
36,L,098,36087,1188
36,L,099,36071,3236
36,L,099,36087,414
36,L,100,36071,2076
36,L,100,36105,6798
36,L,101,36025,1052
36,L,101,36053,376
36,L,101,36071,3380
36,L,101,36077,1150
36,L,101,36105,320
36,L,101,36111,1976
36,L,102,36001,2130
36,L,102,36025,3374
36,L,102,36039,4076
36,L,102,36077,2532
36,L,102,36095,3966
36,L,102,36111,354
36,L,103,36027,924
36,L,103,36111,5260
36,L,104,36027,1214
36,L,104,36071,1540
36,L,104,36111,1064
36,L,105,36027,4192
36,L,106,36021,4010
36,L,106,36027,3756
36,L,107,36001,1078
36,L,107,36021,1358
36,L,107,36083,4676
36,L,107,36115,806
36,L,108,36001,1168
36,L,108,36083,2982
36,L,108,36091,350
36,L,109,36001,3722
36,L,110,36001,2628
36,L,110,36093,1096
36,L,111,36057,1992
36,L,111,36093,3836
36,L,112,36035,284
36,L,112,36091,3752
36,L,112,36093,856
36,L,113,36091,4596
36,L,113,36113,588
36,L,113,36115,1094
36,L,114,36031,3022
36,L,114,36035,238
36,L,114,36091,1494
36,L,114,36113,3942
36,L,114,36115,2996
36,L,115,36019,5290
36,L,115,36031,1214
36,L,115,36033,4484
36,L,116,36045,6416
36,L,116,36089,5008
36,L,117,36045,2962
36,L,117,36049,4934
36,L,117,36065,2806
36,L,117,36089,5806
36,L,118,36035,3184
36,L,118,36041,1824
36,L,118,36043,5968
36,L,118,36057,3132
36,L,118,36065,1390
36,L,119,36065,6094
36,L,120,36011,854
36,L,120,36045,1372
36,L,120,36075,8454
36,L,121,36007,3244
36,L,121,36017,5192
36,L,121,36025,3038
36,L,121,36053,1792
36,L,121,36077,680
36,L,121,36105,272
36,L,122,36043,352
36,L,122,36053,2700
36,L,122,36065,3922
36,L,122,36077,2490
36,L,123,36007,4292
36,L,124,36007,962
36,L,124,36015,4508
36,L,124,36107,3708
36,L,125,36023,1626
36,L,125,36109,4834
36,L,126,36011,2624
36,L,126,36067,4300
36,L,127,36053,438
36,L,127,36067,3530
36,L,128,36067,4590
36,L,129,36067,4154
36,L,130,36055,952
36,L,130,36117,5768
36,L,131,36007,310
36,L,131,36011,2668
36,L,131,36017,418
36,L,131,36023,1924
36,L,131,36053,186
36,L,131,36069,3486
36,L,131,36099,1836
36,L,132,36015,908
36,L,132,36097,2656
36,L,132,36099,1696
36,L,132,36101,7660
36,L,132,36123,2892
36,L,133,36051,5366
36,L,133,36055,640
36,L,133,36069,2502
36,L,133,36101,1454
36,L,133,36121,302
36,L,134,36055,3206
36,L,135,36055,3330
36,L,136,36055,3790
36,L,137,36055,3762
36,L,138,36055,3494
36,L,139,36029,600
36,L,139,36037,3466
36,L,139,36055,952
36,L,139,36073,2488
36,L,140,36029,2670
36,L,140,36063,700
36,L,141,36029,3114
36,L,142,36029,3196
36,L,143,36029,3294
36,L,144,36029,1796
36,L,144,36063,3116
36,L,145,36029,594
36,L,145,36063,4522
36,L,146,36029,2710
36,L,147,36029,5810
36,L,147,36121,3080
36,L,148,36003,5312
36,L,148,36009,7408
36,L,148,36029,4
36,L,148,36101,1122
36,L,149,36029,3514
36,L,150,36013,10316
36,L,150,36029,170
36,U,001,36103,13538
36,U,002,36103,8816
36,U,003,36103,10288
36,U,004,36103,9626
36,U,005,36059,9274
36,U,006,36059,8130
36,U,007,36059,9850
36,U,008,36059,3450
36,U,008,36103,7246
36,U,009,36059,8972
36,U,010,36081,4858
36,U,011,36005,10
36,U,011,36081,5084
36,U,012,36047,2
36,U,012,36081,3248
36,U,013,36081,1634
36,U,014,36081,4528
36,U,015,36047,4
36,U,015,36081,3206
36,U,016,36081,4080
36,U,017,36047,1738
36,U,018,36047,2258
36,U,018,36081,158
36,U,019,36047,2734
36,U,019,36081,252
36,U,020,36047,1624
36,U,021,36047,2400
36,U,022,36047,2412
36,U,023,36047,1302
36,U,023,36085,2578
36,U,024,36085,6766
36,U,025,36047,1788
36,U,026,36047,2826
36,U,026,36061,116
36,U,027,36061,2164
36,U,028,36061,1488
36,U,029,36005,1554
36,U,029,36061,444
36,U,030,36061,1320
36,U,031,36005,536
36,U,031,36061,870
36,U,032,36005,1856
36,U,033,36005,1986
36,U,034,36005,2730
36,U,034,36119,1112
36,U,035,36119,7038
36,U,036,36005,1968
36,U,036,36119,1166
36,U,037,36119,8572
36,U,038,36087,7022
36,U,039,36027,5952
36,U,039,36071,2446
36,U,039,36079,948
36,U,040,36079,2572
36,U,040,36087,414
36,U,040,36119,6228
36,U,041,36021,5368
36,U,041,36027,4134
36,U,041,36039,4076
36,U,041,36111,5824
36,U,042,36071,12284
36,U,043,36001,3468
36,U,043,36083,7658
36,U,043,36115,3344
36,U,044,36091,10192
36,U,044,36093,2476
36,U,045,36019,5290
36,U,045,36031,4236
36,U,045,36033,4484
36,U,045,36089,6408
36,U,045,36113,4530
36,U,045,36115,1552
36,U,046,36001,7258
36,U,046,36057,5124
36,U,046,36093,3312
36,U,047,36061,1260
36,U,048,36011,6146
36,U,048,36067,8984
36,U,049,36035,3706
36,U,049,36041,1824
36,U,049,36043,5770
36,U,049,36045,10750
36,U,049,36049,4934
36,U,049,36075,3264
36,U,049,36089,4406
36,U,050,36067,7590
36,U,050,36075,5190
36,U,051,36007,2536
36,U,051,36017,2812
36,U,051,36025,7464
36,U,051,36077,6852
36,U,051,36095,3966
36,U,051,36105,7390
36,U,051,36111,2830
36,U,052,36007,6272
36,U,052,36023,3550
36,U,052,36109,4834
36,U,053,36017,2798
36,U,053,36043,550
36,U,053,36053,5492
36,U,053,36065,14212
36,U,054,36051,5366
36,U,054,36055,2294
36,U,054,36069,5988
36,U,054,36117,5768
36,U,055,36055,7794
36,U,056,36055,8144
36,U,057,36003,2936
36,U,057,36009,7408
36,U,057,36013,10316
36,U,057,36037,3466
36,U,057,36121,3382
36,U,058,36003,2376
36,U,058,36015,5416
36,U,058,36097,2656
36,U,058,36099,3532
36,U,058,36101,10236
36,U,058,36107,3708
36,U,058,36123,2892
36,U,059,36047,622
36,U,059,36061,424
36,U,059,36081,1140
36,U,060,36029,12740
36,U,061,36029,6892
36,U,062,36055,1894
36,U,062,36063,8338
36,U,062,36073,2488
36,U,063,36029,7840
37,L,001,37041,928
37,L,001,37053,1046
37,L,001,37055,952
37,L,001,37143,892
37,L,001,37177,652
37,L,001,37187,1124
37,L,002,37063,1774
37,L,002,37145,2376
37,L,003,37049,4486
37,L,004,37061,4718
37,L,004,37191,1768
37,L,005,37029,456
37,L,005,37073,676
37,L,005,37091,1720
37,L,005,37139,1978
37,L,006,37085,2278
37,L,007,37069,3030
37,L,007,37077,508
37,L,008,37147,4476
37,L,009,37147,3124
37,L,010,37191,4280
37,L,011,37183,1758
37,L,012,37079,1244
37,L,012,37103,1336
37,L,012,37107,4028
37,L,013,37031,5762
37,L,013,37049,764
37,L,014,37133,3156
37,L,015,37133,1848
37,L,016,37133,1080
37,L,016,37141,2990
37,L,017,37019,5412
37,L,018,37129,3770
37,L,019,37019,4150
37,L,019,37129,1518
37,L,020,37129,2514
37,L,021,37183,2388
37,L,022,37017,3440
37,L,022,37163,3950
37,L,023,37015,1604
37,L,023,37065,3520
37,L,023,37117,2180
37,L,024,37127,248
37,L,024,37195,4696
37,L,025,37127,4890
37,L,026,37101,1962
37,L,027,37083,3762
37,L,027,37131,1792
37,L,027,37185,1464
37,L,028,37101,5016
37,L,029,37063,1674
37,L,030,37063,2508
37,L,031,37063,2846
37,L,032,37077,2402
37,L,032,37181,2250
37,L,033,37183,2186
37,L,034,37183,1766
37,L,035,37183,2464
37,L,036,37183,2628
37,L,037,37183,2500
37,L,038,37183,2738
37,L,039,37183,2812
37,L,040,37183,1970
37,L,041,37183,1716
37,L,042,37051,2830
37,L,043,37051,4164
37,L,044,37051,2974
37,L,045,37051,2434
37,L,046,37047,4804
37,L,046,37155,2456
37,L,047,37155,6342
37,L,048,37093,2462
37,L,048,37165,2938
37,L,049,37183,2336
37,L,050,37033,1240
37,L,050,37135,2922
37,L,051,37105,2936
37,L,051,37125,1484
37,L,052,37125,2796
37,L,052,37153,3758
37,L,053,37085,2694
37,L,053,37101,516
37,L,054,37037,5288
37,L,054,37151,620
37,L,055,37007,2620
37,L,055,37179,3238
37,L,056,37135,1760
37,L,057,37081,2508
37,L,058,37081,2942
37,L,059,37081,4148
37,L,060,37081,3964
37,L,061,37081,3354
37,L,062,37081,2958
37,L,063,37001,3558
37,L,064,37001,3630
37,L,065,37157,4778
37,L,066,37183,1678
37,L,067,37123,2920
37,L,067,37167,4254
37,L,068,37179,2584
37,L,069,37179,3042
37,L,070,37151,4242
37,L,071,37067,2722
37,L,072,37067,2632
37,L,073,37025,2946
37,L,074,37067,2434
37,L,075,37067,3082
37,L,076,37159,4378
37,L,077,37059,2002
37,L,077,37159,698
37,L,077,37197,1900
37,L,078,37125,2282
37,L,078,37151,2778
37,L,079,37013,4146
37,L,079,37055,2282
37,L,079,37095,1418
37,L,079,37137,1564
37,L,080,37057,3884
37,L,081,37057,3598
37,L,082,37025,2934
37,L,083,37025,2198
37,L,083,37159,2304
37,L,084,37097,4970
37,L,085,37011,1896
37,L,085,37111,2584
37,L,085,37121,1226
37,L,085,37199,1172
37,L,086,37023,4648
37,L,087,37027,4212
37,L,087,37189,224
37,L,088,37119,2318
37,L,089,37035,4586
37,L,089,37097,658
37,L,090,37171,4618
37,L,090,37193,878
37,L,091,37067,1882
37,L,091,37169,2364
37,L,092,37119,1892
37,L,093,37005,1408
37,L,093,37009,2276
37,L,093,37189,3066
37,L,094,37003,1838
37,L,094,37193,3574
37,L,095,37097,3154
37,L,096,37035,4946
37,L,097,37109,3492
37,L,098,37119,2844
37,L,099,37119,1348
37,L,100,37119,1254
37,L,101,37119,2300
37,L,102,37119,2686
37,L,103,37119,1458
37,L,104,37119,1444
37,L,105,37119,1388
37,L,106,37119,1984
37,L,107,37119,1792
37,L,108,37071,3628
37,L,109,37071,2950
37,L,110,37045,2362
37,L,110,37071,3000
37,L,111,37045,3566
37,L,111,37161,1662
37,L,112,37119,1556
37,L,113,37089,1370
37,L,113,37111,428
37,L,113,37149,1592
37,L,113,37161,3120
37,L,114,37021,3698
37,L,115,37021,2754
37,L,116,37021,3230
37,L,117,37089,5286
37,L,118,37087,5118
37,L,118,37115,2098
37,L,119,37099,3320
37,L,119,37173,1548
37,L,119,37175,2626
37,L,120,37039,3110
37,L,120,37043,1082
37,L,120,37075,1508
37,L,120,37113,3986
37,U,001,37031,5762
37,U,001,37041,928
37,U,001,37055,3234
37,U,001,37095,1418
37,U,001,37137,1564
37,U,001,37139,1978
37,U,001,37143,892
37,U,001,37187,1124
37,U,002,37013,4146
37,U,002,37049,5250
37,U,002,37107,4028
37,U,003,37015,1604
37,U,003,37029,456
37,U,003,37053,1046
37,U,003,37073,676
37,U,003,37083,3762
37,U,003,37091,1720
37,U,003,37117,2180
37,U,003,37131,1792
37,U,003,37177,652
37,U,003,37185,1464
37,U,004,37079,1244
37,U,004,37191,6048
37,U,004,37195,4696
37,U,005,37065,3520
37,U,005,37147,7600
37,U,006,37133,6084
37,U,007,37129,7000
37,U,008,37019,9562
37,U,008,37047,4804
37,U,008,37129,802
37,U,009,37017,3440
37,U,009,37061,4718
37,U,009,37103,1336
37,U,009,37141,2990
37,U,009,37163,3832
37,U,010,37101,7494
37,U,011,37069,3030
37,U,011,37127,5138
37,U,011,37181,2250
37,U,012,37085,4972
37,U,012,37105,2936
37,U,012,37163,118
37,U,013,37183,3970
37,U,014,37183,5880
37,U,015,37183,5012
37,U,016,37183,5124
37,U,017,37183,5420
37,U,018,37077,2910
37,U,018,37183,3534
37,U,019,37051,7936
37,U,020,37037,5288
37,U,020,37063,2922
37,U,021,37051,4466
37,U,021,37125,6562
37,U,022,37063,5880
37,U,023,37033,1240
37,U,023,37135,4682
37,U,023,37145,2376
37,U,024,37093,2462
37,U,024,37155,8798
37,U,024,37165,2938
37,U,025,37001,7188
37,U,025,37151,2732
37,U,026,37081,5310
37,U,026,37157,4778
37,U,027,37081,7784
37,U,028,37081,6780
37,U,029,37007,2620
37,U,029,37123,2920
37,U,029,37151,4908
37,U,029,37153,3758
37,U,029,37179,1512
37,U,030,37057,7482
37,U,030,37059,2002
37,U,031,37067,6036
37,U,031,37169,2364
37,U,032,37067,6716
37,U,033,37159,7380
37,U,033,37167,4254
37,U,034,37025,7626
37,U,035,37025,452
37,U,035,37179,7352
37,U,036,37003,1838
37,U,036,37171,4618
37,U,036,37193,4452
37,U,036,37197,1900
37,U,037,37097,8782
37,U,037,37119,852
37,U,038,37119,4680
37,U,039,37119,4592
37,U,040,37119,3536
37,U,041,37119,7038
37,U,042,37119,3566
37,U,043,37071,8662
37,U,044,37045,5928
37,U,044,37071,916
37,U,044,37109,3492
37,U,045,37027,2754
37,U,045,37035,9532
37,U,046,37021,2774
37,U,046,37023,4648
37,U,046,37111,3012
37,U,047,37005,1408
37,U,047,37009,2276
37,U,047,37011,1896
37,U,047,37027,1458
37,U,047,37087,1704
37,U,047,37115,2098
37,U,047,37121,1226
37,U,047,37189,3290
37,U,047,37199,1172
37,U,048,37089,6656
37,U,048,37149,1592
37,U,048,37161,4782
37,U,049,37021,6908
37,U,050,37039,3110
37,U,050,37043,1082
37,U,050,37075,1508
37,U,050,37087,3414
37,U,050,37099,3320
37,U,050,37113,3986
37,U,050,37173,1548
37,U,050,37175,2626
38,L,001,38105,1496
38,L,002,38013,2516
38,L,002,38023,2700
38,L,002,38061,1136
38,L,002,38105,4128
38,L,003,38101,1596
38,L,005,38101,706
38,L,006,38009,4220
38,L,006,38049,4594
38,L,006,38055,2036
38,L,006,38075,2362
38,L,006,38101,506
38,L,007,38015,780
38,L,008,38015,1746
38,L,008,38029,2656
38,L,008,38055,132
38,L,010,38017,428
38,L,011,38017,522
38,L,012,38093,2130
38,L,013,38017,604
38,L,014,38005,2056
38,L,014,38015,1404
38,L,014,38027,1306
38,L,014,38043,2428
38,L,014,38069,2260
38,L,014,38083,1548
38,L,014,38103,3096
38,L,015,38005,918
38,L,015,38027,142
38,L,015,38071,3268
38,L,015,38095,580
38,L,016,38017,374
38,L,017,38035,598
38,L,018,38035,1118
38,L,019,38019,594
38,L,019,38067,3404
38,L,019,38099,3832
38,L,020,38035,3434
38,L,020,38097,2982
38,L,020,38099,726
38,L,021,38017,982
38,L,022,38017,4560
38,L,023,38105,1086
38,L,024,38003,3980
38,L,024,38073,2150
38,L,025,38077,4748
38,L,025,38081,128
38,L,026,38025,1578
38,L,026,38053,3266
38,L,027,38017,670
38,L,028,38021,2472
38,L,028,38045,2756
38,L,028,38047,1608
38,L,028,38051,1992
38,L,028,38081,2116
38,L,029,38031,1590
38,L,029,38039,1586
38,L,029,38063,2484
38,L,029,38091,1636
38,L,029,38093,3772
38,L,030,38015,810
38,L,031,38037,2152
38,L,031,38041,1140
38,L,031,38059,1508
38,L,031,38085,896
38,L,032,38015,822
38,L,033,38055,1210
38,L,033,38057,2592
38,L,033,38059,358
38,L,033,38065,1226
38,L,034,38059,960
38,L,035,38015,752
38,L,036,38025,56
38,L,036,38059,1726
38,L,036,38089,2096
38,L,037,38089,808
38,L,038,38101,1628
38,L,039,38001,1764
38,L,039,38007,850
38,L,039,38011,1720
38,L,039,38025,456
38,L,039,38033,1434
38,L,039,38041,914
38,L,039,38087,1490
38,L,039,38089,1578
38,L,040,38101,956
38,L,041,38017,488
38,L,042,38035,1044
38,L,043,38035,324
38,L,044,38017,812
38,L,045,38017,1432
38,L,046,38017,492
38,L,047,38015,588
38,L,04A,38025,206
38,L,04A,38053,168
38,L,04A,38055,572
38,L,04A,38057,50
38,L,04A,38061,1096
38,L,04A,38101,50
38,L,04B,38055,1336
38,L,04B,38061,1714
38,L,04B,38101,2596
38,L,09A,38079,1758
38,L,09B,38019,2222
38,L,09B,38079,834
38,L,09B,38095,1226
38,U,001,38105,1496
38,U,002,38013,2516
38,U,002,38023,2700
38,U,002,38061,1136
38,U,002,38105,4128
38,U,003,38101,1596
38,U,004,38025,206
38,U,004,38053,168
38,U,004,38055,1908
38,U,004,38057,50
38,U,004,38061,2810
38,U,004,38101,2646
38,U,005,38101,706
38,U,006,38009,4220
38,U,006,38049,4594
38,U,006,38055,2036
38,U,006,38075,2362
38,U,006,38101,506
38,U,007,38015,780
38,U,008,38015,1746
38,U,008,38029,2656
38,U,008,38055,132
38,U,009,38019,2222
38,U,009,38079,2592
38,U,009,38095,1226
38,U,010,38017,428
38,U,011,38017,522
38,U,012,38093,2130
38,U,013,38017,604
38,U,014,38005,2056
38,U,014,38015,1404
38,U,014,38027,1306
38,U,014,38043,2428
38,U,014,38069,2260
38,U,014,38083,1548
38,U,014,38103,3096
38,U,015,38005,918
38,U,015,38027,142
38,U,015,38071,3268
38,U,015,38095,580
38,U,016,38017,374
38,U,017,38035,598
38,U,018,38035,1118
38,U,019,38019,594
38,U,019,38067,3404
38,U,019,38099,3832
38,U,020,38035,3434
38,U,020,38097,2982
38,U,020,38099,726
38,U,021,38017,982
38,U,022,38017,4560
38,U,023,38105,1086
38,U,024,38003,3980
38,U,024,38073,2150
38,U,025,38077,4748
38,U,025,38081,128
38,U,026,38025,1578
38,U,026,38053,3266
38,U,027,38017,670
38,U,028,38021,2472
38,U,028,38045,2756
38,U,028,38047,1608
38,U,028,38051,1992
38,U,028,38081,2116
38,U,029,38031,1590
38,U,029,38039,1586
38,U,029,38063,2484
38,U,029,38091,1636
38,U,029,38093,3772
38,U,030,38015,810
38,U,031,38037,2152
38,U,031,38041,1140
38,U,031,38059,1508
38,U,031,38085,896
38,U,032,38015,822
38,U,033,38055,1210
38,U,033,38057,2592
38,U,033,38059,358
38,U,033,38065,1226
38,U,034,38059,960
38,U,035,38015,752
38,U,036,38025,56
38,U,036,38059,1726
38,U,036,38089,2096
38,U,037,38089,808
38,U,038,38101,1628
38,U,039,38001,1764
38,U,039,38007,850
38,U,039,38011,1720
38,U,039,38025,456
38,U,039,38033,1434
38,U,039,38041,914
38,U,039,38087,1490
38,U,039,38089,1578
38,U,040,38101,956
38,U,041,38017,488
38,U,042,38035,1044
38,U,043,38035,324
38,U,044,38017,812
38,U,045,38017,1432
38,U,046,38017,492
38,U,047,38015,588
39,L,001,39049,5920
39,L,002,39049,2600
39,L,003,39049,3290
39,L,004,39049,3114
39,L,005,39049,4342
39,L,006,39049,2944
39,L,007,39049,3146
39,L,008,39049,2910
39,L,009,39049,2436
39,L,010,39049,3812
39,L,011,39049,3112
39,L,012,39049,428
39,L,012,39097,2746
39,L,012,39129,3192
39,L,013,39035,2536
39,L,014,39035,2314
39,L,015,39035,2672
39,L,016,39035,2402
39,L,017,39035,2434
39,L,018,39035,3628
39,L,019,39035,3252
39,L,020,39035,5492
39,L,021,39035,2728
39,L,022,39035,3062
39,L,023,39035,410
39,L,023,39085,2368
39,L,024,39061,3828
39,L,025,39061,2616
39,L,026,39061,3030
39,L,027,39061,2526
39,L,028,39061,2706
39,L,029,39061,2452
39,L,030,39061,1484
39,L,031,39153,3862
39,L,032,39153,4938
39,L,033,39153,5012
39,L,034,39153,3198
39,L,035,39055,790
39,L,035,39133,1532
39,L,035,39153,1886
39,L,036,39113,4434
39,L,037,39113,3210
39,L,038,39113,6088
39,L,039,39113,4422
39,L,040,39017,744
39,L,040,39113,1710
39,L,040,39135,3396
39,L,041,39095,3964
39,L,042,39095,4874
39,L,043,39095,3410
39,L,044,39095,4198
39,L,044,39123,892
39,L,044,39173,1088
39,L,045,39017,2498
39,L,046,39017,3530
39,L,047,39017,3902
39,L,048,39151,5436
39,L,049,39151,8336
39,L,050,39151,5848
39,L,051,39151,1652
39,L,051,39157,9436
39,L,052,39093,3260
39,L,053,39093,3970
39,L,054,39043,1450
39,L,054,39077,1128
39,L,054,39093,3778
39,L,055,39165,4026
39,L,056,39165,2778
39,L,057,39085,3586
39,L,058,39099,4490
39,L,059,39029,1016
39,L,059,39099,6768
39,L,060,39041,4510
39,L,061,39041,2912
39,L,061,39083,1658
39,L,062,39025,2490
39,L,063,39015,2040
39,L,063,39025,3890
39,L,064,39155,5788
39,L,065,39007,2762
39,L,065,39155,3886
39,L,066,39103,3594
39,L,067,39005,4100
39,L,067,39103,1614
39,L,068,39089,5090
39,L,069,39045,2226
39,L,069,39089,3790
39,L,069,39127,1944
39,L,070,39057,4052
39,L,071,39023,1182
39,L,071,39027,3268
39,L,071,39057,3034
39,L,072,39133,4192
39,L,073,39045,5876
39,L,074,39023,5652
39,L,075,39173,7268
39,L,076,39139,7442
39,L,077,39169,6218
39,L,078,39003,7104
39,L,078,39011,1248
39,L,079,39019,3048
39,L,079,39029,5988
39,L,080,39037,1594
39,L,080,39109,5634
39,L,081,39039,828
39,L,081,39051,3380
39,L,081,39069,3480
39,L,081,39171,4134
39,L,082,39039,2734
39,L,082,39125,2800
39,L,082,39137,4224
39,L,082,39161,3510
39,L,083,39063,5572
39,L,083,39065,2954
39,L,083,39091,1962
39,L,084,39011,2840
39,L,084,39037,3756
39,L,084,39107,3862
39,L,085,39021,2670
39,L,085,39091,2476
39,L,085,39149,3336
39,L,086,39101,2108
39,L,086,39159,4578
39,L,087,39033,4196
39,L,087,39101,1686
39,L,087,39117,2966
39,L,087,39175,2654
39,L,088,39143,4904
39,L,088,39147,4708
39,L,089,39043,2642
39,L,089,39077,3086
39,L,089,39123,2712
39,L,090,39001,2690
39,L,090,39015,1744
39,L,090,39145,5070
39,L,091,39047,2358
39,L,091,39071,3564
39,L,091,39131,2530
39,L,091,39141,1140
39,L,092,39073,2414
39,L,092,39127,1266
39,L,092,39141,3014
39,L,092,39163,1892
39,L,093,39053,3246
39,L,093,39079,3496
39,L,093,39087,3950
39,L,094,39009,4904
39,L,094,39105,2572
39,L,094,39115,2118
39,L,094,39167,1006
39,L,095,39013,2882
39,L,095,39059,1726
39,L,095,39067,2852
39,L,095,39121,2394
39,L,095,39167,4144
39,L,096,39013,4074
39,L,096,39081,5294
39,L,096,39111,2566
39,L,097,39059,3224
39,L,097,39119,6462
39,L,098,39031,4060
39,L,098,39075,3082
39,L,098,39083,3640
39,L,099,39007,3420
39,L,099,39055,1742
39,U,001,39039,3562
39,U,001,39051,3380
39,U,001,39063,5572
39,U,001,39065,2954
39,U,001,39069,3480
39,U,001,39091,1962
39,U,001,39125,2800
39,U,001,39137,4224
39,U,001,39161,3510
39,U,001,39171,4134
39,U,002,39043,2642
39,U,002,39077,3086
39,U,002,39095,4198
39,U,002,39123,3604
39,U,002,39173,8356
39,U,003,39049,11268
39,U,004,39017,9930
39,U,005,39017,744
39,U,005,39037,1594
39,U,005,39109,5634
39,U,005,39113,6132
39,U,005,39135,3396
39,U,006,39113,13732
39,U,007,39061,2526
39,U,007,39165,6804
39,U,008,39061,6642
39,U,009,39061,9474
39,U,010,39023,6834
39,U,010,39027,3268
39,U,010,39057,7086
39,U,011,39095,12248
39,U,012,39003,7104
39,U,012,39011,4088
39,U,012,39021,2670
39,U,012,39037,3756
39,U,012,39091,2476
39,U,012,39107,3862
39,U,012,39149,3336
39,U,013,39043,1450
39,U,013,39077,1128
39,U,013,39093,11008
39,U,014,39001,2690
39,U,014,39015,3784
39,U,014,39025,6380
39,U,014,39145,5070
39,U,015,39049,11464
39,U,016,39049,6450
39,U,016,39097,2746
39,U,016,39129,3192
39,U,017,39047,2358
39,U,017,39053,3246
39,U,017,39071,3564
39,U,017,39073,2414
39,U,017,39079,3496
39,U,017,39087,3950
39,U,017,39127,1266
39,U,017,39131,2530
39,U,017,39141,4154
39,U,017,39163,1892
39,U,018,39035,3662
39,U,018,39085,5954
39,U,019,39031,4060
39,U,019,39041,7422
39,U,019,39075,3082
39,U,019,39083,5298
39,U,020,39045,8102
39,U,020,39089,8880
39,U,020,39127,1944
39,U,021,39035,9418
39,U,022,39005,4100
39,U,022,39103,5208
39,U,022,39139,7442
39,U,023,39035,10342
39,U,024,39035,7508
39,U,025,39049,8872
39,U,026,39033,4196
39,U,026,39101,3794
39,U,026,39117,2966
39,U,026,39143,4904
39,U,026,39147,4708
39,U,026,39159,4578
39,U,026,39175,2654
39,U,027,39153,11998
39,U,028,39055,790
39,U,028,39133,5724
39,U,028,39153,6898
39,U,029,39151,19620
39,U,030,39009,4904
39,U,030,39013,6956
39,U,030,39059,1726
39,U,030,39067,2852
39,U,030,39081,5294
39,U,030,39105,2572
39,U,030,39111,2566
39,U,030,39115,2118
39,U,030,39121,2394
39,U,030,39167,5150
39,U,031,39059,3224
39,U,031,39119,6462
39,U,031,39151,1652
39,U,031,39157,9436
39,U,031,39169,6218
39,U,032,39007,6182
39,U,032,39055,1742
39,U,032,39155,9674
39,U,033,39019,3048
39,U,033,39029,7004
39,U,033,39099,11258
40,L,001,40079,1874
40,L,001,40089,7598
40,L,002,40135,4474
40,L,003,40079,4120
40,L,004,40021,3160
40,L,004,40145,160
40,L,005,40041,2856
40,L,005,40097,1568
40,L,006,40035,1704
40,L,006,40097,564
40,L,006,40105,940
40,L,006,40131,1580
40,L,007,40035,1072
40,L,007,40041,330
40,L,007,40115,4432
40,L,008,40097,1732
40,L,008,40131,1138
40,L,008,40145,150
40,L,009,40131,1732
40,L,009,40143,130
40,L,010,40105,1068
40,L,010,40113,1992
40,L,010,40147,2686
40,L,011,40143,988
40,L,011,40147,1432
40,L,012,40145,2456
40,L,013,40091,642
40,L,013,40101,4256
40,L,013,40145,264
40,L,014,40021,282
40,L,014,40101,2242
40,L,014,40145,1252
40,L,015,40061,1986
40,L,015,40079,256
40,L,015,40091,2694
40,L,015,40101,1630
40,L,015,40121,628
40,L,016,40101,338
40,L,016,40111,4388
40,L,016,40143,424
40,L,017,40077,1698
40,L,017,40121,4326
40,L,018,40029,706
40,L,018,40063,2868
40,L,018,40107,2366
40,L,018,40121,1798
40,L,019,40005,310
40,L,019,40013,1732
40,L,019,40023,3028
40,L,019,40127,3154
40,L,020,40027,646
40,L,020,40087,1216
40,L,021,40013,2960
40,L,021,40095,578
40,L,022,40005,2042
40,L,022,40029,684
40,L,022,40069,2300
40,L,022,40099,2116
40,L,023,40131,1026
40,L,023,40143,448
40,L,023,40145,168
40,L,024,40037,302
40,L,024,40111,542
40,L,024,40143,1162
40,L,025,40087,140
40,L,025,40123,4054
40,L,025,40125,174
40,L,026,40125,2578
40,L,027,40027,1296
40,L,027,40125,1204
40,L,028,40125,1462
40,L,028,40133,3116
40,L,029,40037,3304
40,L,029,40143,556
40,L,030,40037,2234
40,L,030,40143,570
40,L,031,40083,1902
40,L,031,40109,84
40,L,032,40081,4492
40,L,032,40083,150
40,L,032,40119,352
40,L,033,40083,594
40,L,033,40119,3558
40,L,034,40119,1514
40,L,035,40037,1136
40,L,035,40103,1566
40,L,035,40113,1296
40,L,035,40117,2956
40,L,035,40119,562
40,L,036,40027,210
40,L,036,40109,1622
40,L,037,40071,2254
40,L,037,40113,2998
40,L,038,40047,2430
40,L,038,40053,3218
40,L,038,40071,4142
40,L,038,40083,1456
40,L,038,40103,1616
40,L,039,40109,914
40,L,040,40047,2796
40,L,041,40017,756
40,L,041,40073,212
40,L,041,40083,140
40,L,041,40109,428
40,L,042,40027,372
40,L,042,40049,2918
40,L,042,40087,1794
40,L,043,40017,940
40,L,044,40027,1500
40,L,045,40027,922
40,L,046,40027,1216
40,L,047,40017,932
40,L,048,40019,3328
40,L,048,40049,990
40,L,048,40099,74
40,L,049,40019,1224
40,L,049,40085,1192
40,L,049,40095,1382
40,L,050,40067,1822
40,L,050,40137,4348
40,L,051,40051,3242
40,L,051,40137,1728
40,L,052,40055,2096
40,L,052,40057,1346
40,L,052,40065,4996
40,L,052,40075,2386
40,L,053,40027,988
40,L,054,40027,782
40,L,054,40109,174
40,L,055,40009,2298
40,L,055,40011,586
40,L,055,40015,538
40,L,055,40017,2328
40,L,055,40149,3860
40,L,056,40015,396
40,L,056,40017,896
40,L,056,40051,3542
40,L,057,40009,2318
40,L,057,40039,5002
40,L,057,40129,2012
40,L,058,40003,2942
40,L,058,40047,688
40,L,058,40093,3062
40,L,058,40151,2594
40,L,058,40153,2130
40,L,059,40011,2702
40,L,059,40043,2476
40,L,059,40047,1314
40,L,059,40073,4244
40,L,059,40153,858
40,L,060,40017,1812
40,L,061,40007,2926
40,L,061,40025,2538
40,L,061,40045,2388
40,L,061,40059,1760
40,L,061,40139,6386
40,L,061,40153,624
40,L,062,40031,1318
40,L,063,40031,2592
40,L,063,40033,2294
40,L,063,40075,1556
40,L,063,40141,3908
40,L,064,40031,3388
40,L,065,40015,4552
40,L,065,40031,1506
40,L,066,40113,1198
40,L,066,40143,1532
40,L,067,40143,888
40,L,068,40037,50
40,L,068,40143,1386
40,L,069,40143,1090
40,L,070,40143,1522
40,L,071,40143,1198
40,L,072,40143,2300
40,L,073,40113,226
40,L,073,40143,1892
40,L,074,40131,344
40,L,074,40143,842
40,L,075,40143,716
40,L,076,40143,866
40,L,077,40143,1870
40,L,078,40143,1624
40,L,079,40143,1024
40,L,080,40143,974
40,L,081,40109,1204
40,L,082,40109,854
40,L,083,40109,926
40,L,084,40109,1368
40,L,085,40109,1636
40,L,086,40001,2618
40,L,086,40021,862
40,L,086,40041,1078
40,L,086,40097,270
40,L,087,40109,1224
40,L,088,40109,1990
40,L,089,40109,1500
40,L,090,40027,222
40,L,090,40109,1130
40,L,091,40027,640
40,L,092,40109,2396
40,L,093,40109,980
40,L,094,40109,1322
40,L,095,40027,150
40,L,095,40109,1132
40,L,096,40109,1196
40,L,097,40109,2044
40,L,098,40143,610
40,L,098,40145,674
40,L,099,40109,2368
40,L,100,40109,808
40,L,101,40109,1102
40,U,001,40035,2776
40,U,001,40041,900
40,U,001,40097,2616
40,U,001,40115,4432
40,U,001,40131,400
40,U,002,40131,3692
40,U,002,40143,838
40,U,003,40021,1626
40,U,003,40097,1518
40,U,003,40131,438
40,U,003,40145,3952
40,U,004,40001,2618
40,U,004,40021,838
40,U,004,40041,3364
40,U,004,40135,2658
40,U,005,40079,6096
40,U,005,40089,7598
40,U,005,40127,1552
40,U,006,40005,2352
40,U,006,40013,4692
40,U,006,40023,3028
40,U,006,40069,424
40,U,006,40127,1602
40,U,007,40061,1986
40,U,007,40077,1698
40,U,007,40079,154
40,U,007,40121,6752
40,U,007,40135,1816
40,U,008,40037,748
40,U,008,40091,3336
40,U,008,40101,2318
40,U,008,40107,2366
40,U,008,40111,4930
40,U,009,40021,1840
40,U,009,40101,6148
40,U,010,40071,4024
40,U,010,40113,7410
40,U,010,40143,470
40,U,011,40113,300
40,U,011,40143,3956
40,U,012,40037,5140
40,U,012,40143,1252
40,U,013,40049,3544
40,U,013,40063,2868
40,U,013,40087,234
40,U,013,40099,1170
40,U,013,40123,4054
40,U,014,40019,4552
40,U,014,40029,1390
40,U,014,40069,1876
40,U,014,40095,1960
40,U,014,40099,1020
40,U,015,40027,3298
40,U,016,40027,2588
40,U,017,40027,74
40,U,017,40109,700
40,U,017,40125,4654
40,U,018,40017,1686
40,U,018,40109,636
40,U,019,40003,2942
40,U,019,40047,7228
40,U,019,40053,3218
40,U,019,40071,2372
40,U,020,40073,1158
40,U,020,40083,3784
40,U,020,40103,3182
40,U,020,40117,2956
40,U,020,40119,1278
40,U,021,40037,1138
40,U,021,40119,4708
40,U,022,40017,964
40,U,022,40109,1480
40,U,023,40017,2536
40,U,023,40051,5112
40,U,024,40027,1860
40,U,025,40143,2628
40,U,026,40011,3288
40,U,026,40015,5486
40,U,026,40017,2034
40,U,026,40039,5002
40,U,026,40073,3298
40,U,027,40007,2926
40,U,027,40025,2538
40,U,027,40043,2476
40,U,027,40045,2388
40,U,027,40059,1760
40,U,027,40093,3062
40,U,027,40129,2012
40,U,027,40139,6386
40,U,027,40151,2594
40,U,027,40153,3612
40,U,028,40081,4492
40,U,028,40083,458
40,U,028,40109,578
40,U,028,40125,764
40,U,028,40133,3116
40,U,029,40105,2008
40,U,029,40131,1290
40,U,029,40147,4118
40,U,030,40109,3150
40,U,031,40031,3404
40,U,031,40033,2294
40,U,031,40067,1822
40,U,031,40085,1192
40,U,031,40137,3290
40,U,032,40031,5400
40,U,033,40143,2016
40,U,034,40143,2870
40,U,035,40143,3850
40,U,036,40143,900
40,U,036,40145,1172
40,U,037,40143,3688
40,U,038,40009,4616
40,U,038,40055,2096
40,U,038,40057,1346
40,U,038,40065,4996
40,U,038,40075,3942
40,U,038,40141,3908
40,U,038,40149,3860
40,U,039,40143,2144
40,U,040,40109,2796
40,U,041,40109,2292
40,U,042,40109,2596
40,U,043,40027,468
40,U,043,40049,364
40,U,043,40051,1672
40,U,043,40087,2916
40,U,043,40137,2786
40,U,044,40017,76
40,U,044,40109,2670
40,U,045,40017,368
40,U,045,40027,656
40,U,045,40109,960
40,U,046,40109,4124
40,U,047,40109,1952
40,U,048,40109,4468
41,L,001,41011,4192
41,L,001,41015,3846
41,L,001,41019,1696
41,L,002,41019,9460
41,L,002,41029,2
41,L,003,41033,3964
41,L,004,41019,2634
41,L,004,41029,2640
41,L,004,41033,990
41,L,005,41029,4828
41,L,006,41029,2114
41,L,007,41039,2258
41,L,008,41039,3046
41,L,009,41011,2658
41,L,009,41019,1226
41,L,009,41039,2336
41,L,010,41003,1596
41,L,010,41039,772
41,L,010,41041,4996
41,L,011,41043,5518
41,L,011,41047,254
41,L,012,41039,7408
41,L,012,41043,32
41,L,013,41039,2730
41,L,014,41039,2048
41,L,015,41003,268
41,L,015,41043,2406
41,L,015,41047,228
41,L,016,41003,2268
41,L,017,41043,1130
41,L,017,41047,3112
41,L,018,41005,2364
41,L,018,41047,2352
41,L,019,41047,1838
41,L,020,41047,560
41,L,020,41053,1424
41,L,021,41047,1820
41,L,022,41047,1758
41,L,023,41053,2194
41,L,023,41071,1732
41,L,024,41053,498
41,L,024,41071,3998
41,L,025,41067,1504
41,L,026,41005,844
41,L,026,41067,1102
41,L,026,41071,76
41,L,027,41067,1780
41,L,028,41051,1588
41,L,028,41067,516
41,L,029,41067,2188
41,L,030,41067,1376
41,L,031,41009,3286
41,L,031,41051,218
41,L,031,41067,1470
41,L,031,41071,14
41,L,032,41007,4346
41,L,032,41009,362
41,L,032,41057,4624
41,L,033,41051,2656
41,L,033,41067,64
41,L,034,41051,74
41,L,034,41067,1318
41,L,035,41067,1260
41,L,036,41067,1610
41,L,037,41005,1356
41,L,037,41067,674
41,L,038,41005,1276
41,L,038,41051,956
41,L,039,41005,1824
41,L,039,41051,2
41,L,040,41005,2302
41,L,041,41005,1178
41,L,041,41051,1502
41,L,042,41051,3364
41,L,043,41051,3586
41,L,044,41051,3638
41,L,045,41051,3010
41,L,046,41051,2574
41,L,047,41051,1392
41,L,048,41005,606
41,L,048,41051,864
41,L,049,41051,1448
41,L,050,41051,1428
41,L,051,41005,2502
41,L,052,41005,1016
41,L,052,41027,1618
41,L,052,41051,826
41,L,052,41065,1482
41,L,053,41017,3632
41,L,054,41017,2436
41,L,055,41017,3128
41,L,055,41035,9458
41,L,056,41029,3796
41,L,056,41035,3762
41,L,057,41005,32
41,L,057,41021,992
41,L,057,41031,698
41,L,057,41047,28
41,L,057,41049,2224
41,L,057,41055,708
41,L,057,41059,2638
41,L,057,41065,2522
41,L,057,41069,1392
41,L,058,41059,5150
41,L,058,41061,4940
41,L,058,41063,2996
41,L,059,41013,3374
41,L,059,41017,1286
41,L,059,41031,2884
41,L,060,41001,4884
41,L,060,41017,632
41,L,060,41023,5214
41,L,060,41025,4844
41,L,060,41037,5648
41,L,060,41045,6422
41,U,001,41011,4192
41,U,001,41015,3846
41,U,001,41019,11156
41,U,001,41029,2
41,U,002,41019,2634
41,U,002,41029,2640
41,U,002,41033,4954
41,U,003,41029,6942
41,U,004,41039,5304
41,U,005,41003,1596
41,U,005,41011,2658
41,U,005,41019,1226
41,U,005,41039,3108
41,U,005,41041,4996
41,U,006,41039,7408
41,U,006,41043,5550
41,U,006,41047,254
41,U,007,41039,4778
41,U,008,41003,2536
41,U,008,41043,2406
41,U,008,41047,228
41,U,009,41005,2364
41,U,009,41043,1130
41,U,009,41047,5464
41,U,010,41047,2398
41,U,010,41053,1424
41,U,011,41047,3578
41,U,012,41053,2692
41,U,012,41071,5730
41,U,013,41005,844
41,U,013,41067,2606
41,U,013,41071,76
41,U,014,41051,1588
41,U,014,41067,2296
41,U,015,41067,3564
41,U,016,41007,4346
41,U,016,41009,3648
41,U,016,41051,218
41,U,016,41057,4624
41,U,016,41067,1470
41,U,016,41071,14
41,U,017,41051,2730
41,U,017,41067,1382
41,U,018,41067,2870
41,U,019,41005,2632
41,U,019,41051,956
41,U,019,41067,674
41,U,020,41005,4126
41,U,020,41051,2
41,U,021,41005,1178
41,U,021,41051,4866
41,U,022,41051,7224
41,U,023,41051,5584
41,U,024,41005,606
41,U,024,41051,2256
41,U,025,41051,2876
41,U,026,41005,3518
41,U,026,41027,1618
41,U,026,41051,826
41,U,026,41065,1482
41,U,027,41017,6068
41,U,028,41017,3128
41,U,028,41029,3796
41,U,028,41035,13220
41,U,029,41005,32
41,U,029,41021,992
41,U,029,41031,698
41,U,029,41047,28
41,U,029,41049,2224
41,U,029,41055,708
41,U,029,41059,7788
41,U,029,41061,4940
41,U,029,41063,2996
41,U,029,41065,2522
41,U,029,41069,1392
41,U,030,41001,4884
41,U,030,41013,3374
41,U,030,41017,1918
41,U,030,41023,5214
41,U,030,41025,4844
41,U,030,41031,2884
41,U,030,41037,5648
41,U,030,41045,6422
42,L,001,42049,2608
42,L,002,42049,2840
42,L,003,42049,2364
42,L,004,42049,4672
42,L,005,42011,4014
42,L,006,42039,5298
42,L,006,42049,940
42,L,007,42085,4338
42,L,008,42019,2292
42,L,008,42073,2204
42,L,009,42073,4402
42,L,010,42101,1376
42,L,011,42019,3752
42,L,012,42019,1958
42,L,013,42029,2902
42,L,014,42007,4140
42,L,015,42007,2160
42,L,015,42125,2504
42,L,016,42007,3618
42,L,017,42019,1732
42,L,017,42085,4214
42,L,018,42017,1572
42,L,019,42003,4112
42,L,020,42003,1904
42,L,021,42003,2948
42,L,022,42077,3246
42,L,023,42003,1482
42,L,024,42003,2656
42,L,025,42003,2070
42,L,026,42029,2720
42,L,027,42003,2734
42,L,028,42003,1718
42,L,029,42017,2106
42,L,030,42003,1628
42,L,031,42017,1932
42,L,032,42003,1728
42,L,033,42003,3472
42,L,034,42003,3392
42,L,035,42003,4884
42,L,036,42003,2780
42,L,037,42071,3160
42,L,038,42003,2132
42,L,039,42003,1938
42,L,039,42125,1082
42,L,040,42003,1054
42,L,040,42125,438
42,L,041,42071,2468
42,L,042,42003,1668
42,L,043,42071,2748
42,L,044,42003,2044
42,L,045,42003,2778
42,L,046,42003,452
42,L,046,42125,2186
42,L,047,42133,2392
42,L,048,42125,4050
42,L,049,42071,1754
42,L,050,42059,6486
42,L,050,42125,3008
42,L,051,42051,4778
42,L,052,42051,5450
42,L,053,42091,1960
42,L,054,42091,1948
42,L,055,42129,3650
42,L,056,42129,2806
42,L,057,42129,3504
42,L,058,42129,4638
42,L,059,42129,4724
42,L,060,42005,3280
42,L,060,42129,1190
42,L,061,42091,1524
42,L,062,42063,6228
42,L,063,42005,3302
42,L,063,42031,5148
42,L,064,42039,1092
42,L,064,42121,4772
42,L,065,42039,1986
42,L,065,42053,1128
42,L,065,42123,3798
42,L,066,42063,2480
42,L,066,42065,5454
42,L,067,42023,1242
42,L,067,42083,4102
42,L,067,42105,2740
42,L,068,42015,3212
42,L,068,42117,4532
42,L,069,42111,7194
42,L,070,42091,1688
42,L,071,42021,4364
42,L,071,42111,722
42,L,072,42021,5880
42,L,073,42021,1636
42,L,073,42033,6128
42,L,074,42029,2722
42,L,075,42033,3452
42,L,075,42047,3284
42,L,076,42035,5158
42,L,076,42119,2148
42,L,077,42027,2468
42,L,078,42009,6004
42,L,078,42057,1594
42,L,079,42013,4658
42,L,080,42013,4860
42,L,080,42061,198
42,L,081,42055,1914
42,L,081,42061,4322
42,L,082,42027,2972
42,L,083,42081,4114
42,L,083,42119,486
42,L,084,42081,6896
42,L,084,42113,1440
42,L,085,42067,434
42,L,085,42087,908
42,L,085,42109,4072
42,L,085,42119,524
42,L,086,42067,1874
42,L,086,42099,4254
42,L,087,42041,2292
42,L,088,42041,2566
42,L,089,42055,3178
42,L,090,42055,3102
42,L,091,42001,4834
42,L,092,42133,2764
42,L,093,42133,2806
42,L,094,42133,2922
42,L,095,42133,3724
42,L,096,42071,2082
42,L,097,42071,2480
42,L,098,42071,2836
42,L,098,42075,558
42,L,099,42011,926
42,L,099,42071,2632
42,L,100,42071,4058
42,L,101,42075,3844
42,L,102,42075,5026
42,L,103,42041,1632
42,L,103,42043,1978
42,L,104,42043,3662
42,L,105,42043,2608
42,L,106,42043,3600
42,L,107,42097,4546
42,L,107,42107,2104
42,L,108,42093,2126
42,L,108,42097,4542
42,L,109,42037,6630
42,L,110,42015,4108
42,L,110,42131,2304
42,L,111,42115,5064
42,L,111,42127,3200
42,L,112,42069,3520
42,L,113,42069,4008
42,L,114,42069,3338
42,L,115,42089,3466
42,L,116,42079,3114
42,L,116,42107,1566
42,L,117,42079,4340
42,L,118,42069,1840
42,L,118,42079,2244
42,L,119,42079,2866
42,L,120,42079,2668
42,L,121,42079,2556
42,L,122,42025,4898
42,L,123,42107,5034
42,L,124,42011,2228
42,L,124,42107,2796
42,L,125,42043,3872
42,L,126,42011,2854
42,L,127,42011,2256
42,L,128,42011,2850
42,L,129,42011,2436
42,L,130,42011,3724
42,L,131,42077,1384
42,L,131,42091,1076
42,L,131,42095,326
42,L,132,42077,4510
42,L,133,42077,3772
42,L,134,42077,3290
42,L,135,42095,3112
42,L,136,42095,3310
42,L,137,42095,2866
42,L,138,42095,4270
42,L,139,42103,4168
42,L,139,42127,2450
42,L,140,42017,2018
42,L,141,42017,2274
42,L,142,42017,2002
42,L,143,42017,2224
42,L,144,42017,1406
42,L,145,42017,2840
42,L,146,42091,2240
42,L,147,42091,1818
42,L,148,42091,1812
42,L,149,42091,2014
42,L,150,42091,1618
42,L,151,42091,1584
42,L,152,42091,1824
42,L,153,42091,2074
42,L,154,42091,1746
42,L,155,42029,1892
42,L,156,42029,2010
42,L,157,42029,2044
42,L,158,42029,2398
42,L,159,42045,2850
42,L,160,42029,750
42,L,160,42045,1058
42,L,161,42045,1900
42,L,162,42045,1882
42,L,163,42045,1616
42,L,164,42045,1312
42,L,165,42045,2002
42,L,166,42045,1778
42,L,167,42029,2018
42,L,168,42045,1660
42,L,169,42133,3292
42,L,170,42101,956
42,L,171,42027,2122
42,L,171,42087,2560
42,L,172,42101,1240
42,L,173,42101,1222
42,L,174,42101,916
42,L,175,42101,2000
42,L,176,42089,3858
42,L,177,42101,1934
42,L,178,42017,1632
42,L,179,42101,1298
42,L,180,42101,1360
42,L,181,42101,1548
42,L,182,42101,1322
42,L,183,42077,1250
42,L,183,42095,2852
42,L,184,42101,1564
42,L,185,42045,374
42,L,185,42101,1398
42,L,186,42101,1552
42,L,187,42077,3024
42,L,188,42101,1012
42,L,189,42089,1928
42,L,189,42103,1642
42,L,190,42101,1740
42,L,191,42045,652
42,L,191,42101,800
42,L,192,42101,1114
42,L,193,42001,2924
42,L,193,42041,1380
42,L,194,42101,1502
42,L,195,42101,1566
42,L,196,42133,2708
42,L,197,42101,1650
42,L,198,42101,1332
42,L,199,42041,3348
42,L,200,42101,1430
42,L,201,42101,1252
42,L,202,42101,992
42,L,203,42101,1032
42,U,001,42101,6686
42,U,002,42101,5596
42,U,003,42101,5900
42,U,004,42091,3716
42,U,004,42101,2944
42,U,005,42101,4702
42,U,006,42017,6894
42,U,007,42091,866
42,U,007,42101,5276
42,U,008,42045,1896
42,U,008,42101,4004
42,U,009,42029,3018
42,U,009,42045,5912
42,U,010,42017,8646
42,U,011,42011,11258
42,U,012,42091,7406
42,U,013,42011,986
42,U,013,42071,10406
42,U,014,42077,11798
42,U,014,42095,4048
42,U,015,42043,13240
42,U,016,42017,4466
42,U,016,42077,7536
42,U,017,42045,2172
42,U,017,42091,5096
42,U,018,42077,1142
42,U,018,42095,12688
42,U,019,42029,9004
42,U,020,42079,6056
42,U,020,42103,5810
42,U,020,42115,5064
42,U,020,42127,3128
42,U,020,42131,2304
42,U,021,42019,7250
42,U,021,42031,5148
42,U,021,42049,680
42,U,021,42053,1128
42,U,021,42121,4772
42,U,021,42123,3798
42,U,022,42069,8948
42,U,022,42079,4670
42,U,023,42015,7320
42,U,023,42081,11010
42,U,023,42113,1440
42,U,023,42117,4532
42,U,023,42119,3158
42,U,024,42011,2872
42,U,024,42091,6382
42,U,025,42023,1242
42,U,025,42027,5472
42,U,025,42035,5158
42,U,025,42047,3284
42,U,025,42065,3460
42,U,025,42083,4102
42,U,025,42105,2740
42,U,026,42045,7104
42,U,027,42037,6630
42,U,027,42079,2692
42,U,027,42093,2126
42,U,027,42097,9088
42,U,027,42109,4072
42,U,028,42133,12226
42,U,029,42025,4898
42,U,029,42079,4370
42,U,029,42107,11500
42,U,030,42013,9518
42,U,030,42057,1594
42,U,030,42061,4520
42,U,030,42067,2308
42,U,030,42087,3468
42,U,031,42041,2456
42,U,031,42133,8382
42,U,032,42009,6004
42,U,032,42051,10228
42,U,032,42111,7916
42,U,032,42129,372
42,U,033,42001,7758
42,U,033,42055,8194
42,U,034,42041,8762
42,U,034,42043,2480
42,U,034,42099,4254
42,U,035,42021,11880
42,U,035,42027,2090
42,U,035,42033,9580
42,U,036,42071,11662
42,U,037,42003,7092
42,U,038,42003,9400
42,U,039,42129,14096
42,U,040,42069,3758
42,U,040,42089,9252
42,U,040,42127,2522
42,U,041,42005,6582
42,U,041,42063,8708
42,U,041,42065,1994
42,U,041,42129,6044
42,U,042,42003,11568
42,U,043,42003,9970
42,U,044,42011,444
42,U,044,42029,7434
42,U,044,42091,1460
42,U,045,42003,11544
42,U,046,42007,378
42,U,046,42059,6486
42,U,046,42125,13268
42,U,047,42007,9540
42,U,047,42019,2484
42,U,047,42073,1614
42,U,048,42011,5728
42,U,048,42071,2150
42,U,048,42075,9428
42,U,049,42049,12744
42,U,050,42039,8376
42,U,050,42073,4992
42,U,050,42085,8552
44,L,001,44007,464
44,L,002,44007,776
44,L,003,44007,458
44,L,004,44007,630
44,L,005,44007,394
44,L,006,44007,506
44,L,007,44007,386
44,L,008,44007,550
44,L,009,44007,456
44,L,010,44007,540
44,L,011,44007,274
44,L,012,44007,566
44,L,013,44007,396
44,L,014,44007,624
44,L,015,44007,800
44,L,016,44007,640
44,L,017,44007,746
44,L,018,44007,632
44,L,019,44003,626
44,L,019,44007,132
44,L,020,44003,992
44,L,020,44007,30
44,L,021,44003,670
44,L,022,44003,822
44,L,023,44003,720
44,L,024,44003,708
44,L,025,44003,638
44,L,026,44003,570
44,L,027,44003,534
44,L,028,44003,636
44,L,029,44003,632
44,L,030,44003,832
44,L,031,44009,882
44,L,032,44009,796
44,L,033,44009,1040
44,L,034,44009,1128
44,L,035,44009,610
44,L,036,44009,1388
44,L,037,44009,920
44,L,038,44009,862
44,L,039,44009,1056
44,L,040,44003,176
44,L,040,44007,886
44,L,041,44007,942
44,L,042,44007,704
44,L,043,44007,662
44,L,044,44007,714
44,L,045,44007,660
44,L,046,44007,730
44,L,047,44007,856
44,L,048,44007,882
44,L,049,44007,510
44,L,050,44007,500
44,L,051,44007,410
44,L,052,44007,816
44,L,053,44007,596
44,L,054,44007,556
44,L,055,44007,620
44,L,056,44007,244
44,L,057,44007,498
44,L,058,44007,468
44,L,059,44007,548
44,L,060,44007,400
44,L,061,44007,536
44,L,062,44007,538
44,L,063,44007,706
44,L,064,44007,688
44,L,065,44007,858
44,L,066,44001,526
44,L,066,44007,306
44,L,067,44001,624
44,L,068,44001,558
44,L,069,44001,440
44,L,069,44005,146
44,L,070,44005,752
44,L,071,44005,950
44,L,072,44005,752
44,L,073,44005,638
44,L,074,44005,872
44,L,075,44005,968
44,U,001,44007,886
44,U,002,44007,708
44,U,003,44007,1058
44,U,004,44007,1174
44,U,005,44007,960
44,U,006,44007,1224
44,U,007,44007,856
44,U,008,44007,956
44,U,009,44003,1100
44,U,010,44001,816
44,U,010,44005,520
44,U,011,44001,278
44,U,011,44005,1142
44,U,012,44005,1604
44,U,013,44005,1812
44,U,014,44007,1210
44,U,015,44007,1124
44,U,016,44007,590
44,U,017,44007,1382
44,U,018,44007,1416
44,U,019,44007,1340
44,U,020,44007,996
44,U,021,44003,668
44,U,021,44007,1098
44,U,022,44007,1248
44,U,023,44007,1842
44,U,024,44007,888
44,U,025,44007,1316
44,U,026,44007,1318
44,U,027,44003,84
44,U,027,44007,1494
44,U,028,44007,1270
44,U,029,44003,1370
44,U,030,44003,1584
44,U,031,44003,1554
44,U,031,44007,118
44,U,032,44001,1054
44,U,032,44007,362
44,U,033,44003,1302
44,U,034,44003,84
44,U,034,44009,1996
44,U,035,44003,810
44,U,035,44009,838
44,U,036,44009,2480
44,U,037,44009,1352
44,U,038,44009,2016
45,L,001,45073,3344
45,L,001,45077,504
45,L,002,45073,2594
45,L,002,45077,2
45,L,003,45077,1912
45,L,004,45077,2562
45,L,005,45045,172
45,L,005,45077,1800
45,L,006,45007,2046
45,L,007,45001,18
45,L,007,45007,3236
45,L,007,45045,80
45,L,008,45007,2526
45,L,009,45007,2260
45,L,010,45007,746
45,L,010,45045,384
45,L,010,45077,234
45,L,011,45001,2206
45,L,011,45007,1000
45,L,011,45059,174
45,L,012,45047,1864
45,L,012,45065,1570
45,L,013,45047,2228
45,L,013,45059,108
45,L,014,45059,2996
45,L,015,45015,406
45,L,015,45019,580
45,L,016,45045,946
45,L,016,45059,484
45,L,017,45045,2472
45,L,018,45045,1840
45,L,019,45045,1278
45,L,020,45045,1108
45,L,021,45045,874
45,L,022,45045,1248
45,L,023,45045,2260
45,L,024,45045,1506
45,L,025,45045,1506
45,L,026,45091,1168
45,L,027,45045,1390
45,L,028,45045,1222
45,L,029,45021,1766
45,L,029,45083,598
45,L,029,45091,824
45,L,030,45021,2754
45,L,030,45083,690
45,L,031,45083,2424
45,L,032,45083,2080
45,L,033,45083,2212
45,L,034,45083,1218
45,L,035,45045,270
45,L,035,45083,1350
45,L,036,45083,2918
45,L,037,45083,1458
45,L,038,45083,2588
45,L,039,45063,1800
45,L,039,45081,2016
45,L,040,45063,108
45,L,040,45071,3800
45,L,041,45023,1048
45,L,041,45039,2430
45,L,041,45079,298
45,L,042,45059,1194
45,L,042,45087,2698
45,L,043,45023,1830
45,L,043,45091,902
45,L,044,45057,1086
45,L,045,45055,474
45,L,045,45057,2690
45,L,046,45091,1484
45,L,047,45091,1826
45,L,048,45091,1046
45,L,049,45091,1702
45,L,050,45055,936
45,L,050,45061,1956
45,L,050,45085,1140
45,L,051,45085,2970
45,L,052,45055,2214
45,L,053,45025,3160
45,L,053,45031,350
45,L,053,45057,530
45,L,054,45025,1108
45,L,054,45031,310
45,L,054,45069,2806
45,L,055,45033,3328
45,L,055,45051,994
45,L,055,45069,286
45,L,056,45051,1256
45,L,057,45051,492
45,L,057,45067,3530
45,L,057,45089,688
45,L,058,45051,2528
45,L,059,45041,2726
45,L,060,45041,2876
45,L,061,45051,1378
45,L,062,45031,2822
45,L,062,45041,486
45,L,063,45041,1774
45,L,064,45027,3032
45,L,064,45085,1080
45,L,065,45025,870
45,L,065,45031,1294
45,L,065,45055,948
45,L,065,45057,954
45,L,066,45091,762
45,L,067,45085,2042
45,L,068,45051,908
45,L,069,45063,1136
45,L,070,45079,2652
45,L,071,45063,38
45,L,071,45079,1020
45,L,072,45079,1924
45,L,073,45079,1786
45,L,074,45079,2416
45,L,075,45079,1896
45,L,076,45079,1498
45,L,077,45079,1110
45,L,078,45079,1962
45,L,079,45079,722
45,L,080,45019,1010
45,L,081,45003,2312
45,L,082,45003,1510
45,L,082,45037,1806
45,L,082,45081,478
45,L,083,45003,1472
45,L,083,45037,528
45,L,084,45003,2336
45,L,085,45063,1318
45,L,086,45003,3802
45,L,086,45063,400
45,L,087,45063,950
45,L,088,45063,1266
45,L,089,45063,2524
45,L,090,45009,2170
45,L,090,45075,1826
45,L,091,45005,1956
45,L,091,45011,2678
45,L,091,45075,1296
45,L,092,45015,1054
45,L,093,45017,1566
45,L,093,45063,678
45,L,093,45075,1502
45,L,094,45019,106
45,L,094,45035,1438
45,L,095,45035,1416
45,L,095,45075,3496
45,L,096,45063,1206
45,L,097,45029,1866
45,L,097,45035,758
45,L,098,45035,750
45,L,099,45015,1688
45,L,100,45015,2084
45,L,101,45015,428
45,L,101,45041,838
45,L,101,45089,2584
45,L,102,45015,1560
45,L,102,45035,734
45,L,103,45015,1318
45,L,103,45043,2648
45,L,103,45051,182
45,L,104,45051,2178
45,L,105,45051,2102
45,L,106,45051,2040
45,L,107,45051,2844
45,L,108,45019,726
45,L,108,45043,2350
45,L,109,45019,1070
45,L,109,45035,416
45,L,110,45019,2222
45,L,111,45019,2432
45,L,112,45019,2404
45,L,113,45019,2184
45,L,114,45019,986
45,L,114,45035,572
45,L,115,45019,2594
45,L,116,45019,3062
45,L,116,45029,202
45,L,117,45015,1080
45,L,118,45013,976
45,L,119,45019,2974
45,L,120,45013,1688
45,L,120,45053,152
45,L,121,45013,2224
45,L,121,45029,1676
45,L,122,45013,24
45,L,122,45029,342
45,L,122,45049,2956
45,L,122,45053,2216
45,L,123,45013,1398
45,L,123,45053,276
45,L,124,45013,2654
45,U,001,45073,5938
45,U,001,45077,1072
45,U,002,45045,382
45,U,002,45077,5942
45,U,003,45007,5164
45,U,004,45001,2224
45,U,004,45007,6650
45,U,005,45045,4186
45,U,005,45083,1788
45,U,006,45045,3164
45,U,007,45045,5108
45,U,008,45045,3544
45,U,009,45045,1332
45,U,009,45059,4956
45,U,009,45087,802
45,U,010,45047,4092
45,U,010,45063,862
45,U,010,45081,718
45,U,011,45083,5196
45,U,012,45045,506
45,U,012,45083,4578
45,U,013,45045,334
45,U,013,45083,4756
45,U,013,45087,1272
45,U,014,45021,4520
45,U,014,45083,1218
45,U,014,45087,624
45,U,014,45091,1532
45,U,015,45091,3898
45,U,016,45057,698
45,U,016,45091,1930
45,U,017,45023,2878
45,U,017,45039,2430
45,U,017,45057,496
45,U,017,45091,2354
45,U,018,45063,1396
45,U,018,45071,3800
45,U,018,45079,814
45,U,019,45079,3996
45,U,020,45019,6192
45,U,021,45079,6254
45,U,022,45079,3642
45,U,023,45063,4022
45,U,024,45003,7076
45,U,025,45003,2026
45,U,025,45037,2334
45,U,025,45063,1366
45,U,025,45065,1570
45,U,025,45081,1776
45,U,026,45017,796
45,U,026,45063,3778
45,U,026,45079,1414
45,U,027,45025,4030
45,U,027,45055,2024
45,U,027,45057,4066
45,U,028,45051,4812
45,U,029,45025,1108
45,U,029,45031,4590
45,U,029,45061,1166
45,U,029,45069,3092
45,U,029,45085,430
45,U,030,45031,186
45,U,030,45033,3328
45,U,030,45041,1658
45,U,030,45051,2658
45,U,030,45067,3530
45,U,031,45041,6304
45,U,032,45015,972
45,U,032,45019,994
45,U,032,45041,738
45,U,032,45043,3626
45,U,032,45051,654
45,U,032,45089,3272
45,U,033,45051,5840
45,U,034,45043,1372
45,U,034,45051,2938
45,U,035,45055,2548
45,U,035,45061,790
45,U,035,45079,1164
45,U,035,45085,3166
45,U,036,45017,770
45,U,036,45027,3032
45,U,036,45075,1484
45,U,036,45085,3636
45,U,037,45015,4586
45,U,037,45019,774
45,U,038,45019,334
45,U,038,45035,3000
45,U,039,45015,1904
45,U,039,45035,1668
45,U,039,45075,2884
45,U,040,45003,2330
45,U,040,45005,1956
45,U,040,45009,2170
45,U,040,45011,2678
45,U,040,45029,634
45,U,040,45075,3752
45,U,041,45019,2586
45,U,041,45029,1102
45,U,041,45035,1202
45,U,042,45019,4494
45,U,042,45035,214
45,U,043,45013,3102
45,U,043,45019,4116
45,U,043,45029,326
45,U,044,45015,2156
45,U,044,45019,994
45,U,045,45013,2266
45,U,045,45019,1866
45,U,045,45029,2024
45,U,045,45049,2956
45,U,045,45053,2492
45,U,046,45013,3596
45,U,046,45053,152
46,L,001,46013,4412
46,L,001,46037,2836
46,L,001,46091,2080
46,L,001,46109,2882
46,L,002,46099,1430
46,L,003,46013,1534
46,L,004,46025,1360
46,L,004,46029,1632
46,L,004,46039,1644
46,L,004,46051,2436
46,L,004,46057,1520
46,L,004,46109,660
46,L,005,46029,1962
46,L,006,46083,1368
46,L,007,46011,1304
46,L,008,46011,2134
46,L,008,46077,2508
46,L,008,46079,2018
46,L,008,46097,1162
46,L,009,46099,1180
46,L,010,46099,1228
46,L,011,46099,690
46,L,012,46083,280
46,L,012,46099,654
46,L,013,46083,466
46,L,013,46099,320
46,L,014,46099,728
46,L,015,46099,1312
46,L,016,46083,2250
46,L,016,46125,2172
46,L,016,46127,1258
46,L,017,46027,1850
46,L,017,46127,1010
46,L,018,46027,278
46,L,018,46135,2594
46,L,019,46009,2034
46,L,019,46061,1404
46,L,019,46067,2826
46,L,019,46087,2154
46,L,019,46125,280
46,L,020,46035,2508
46,L,020,46073,938
46,L,020,46097,248
46,L,020,46111,1658
46,L,021,46003,1498
46,L,021,46023,3016
46,L,021,46043,1332
46,L,021,46053,1950
46,L,021,46123,3228
46,L,022,46005,4682
46,L,022,46025,306
46,L,022,46115,3538
46,L,023,46013,324
46,L,023,46021,1050
46,L,023,46045,1818
46,L,023,46049,1498
46,L,023,46059,1932
46,L,023,46089,1592
46,L,023,46107,1376
46,L,023,46129,1716
46,L,024,46055,740
46,L,024,46065,1948
46,L,024,46069,580
46,L,024,46117,716
46,L,024,46119,748
46,L,025,46099,3004
46,L,025,46101,1872
46,L,027,46007,806
46,L,027,46071,1454
46,L,027,46102,1492
46,L,027,46103,1634
46,L,029,46093,2672
46,L,030,46033,1498
46,L,030,46047,1650
46,L,030,46103,1144
46,L,031,46081,2454
46,L,032,46103,1122
46,L,033,46093,214
46,L,033,46103,714
46,L,034,46103,842
46,L,035,46103,1280
46,L,26A,46075,322
46,L,26A,46095,2446
46,L,26A,46121,1152
46,L,26B,46015,1564
46,L,26B,46017,360
46,L,26B,46065,30
46,L,26B,46069,50
46,L,26B,46075,410
46,L,26B,46085,1652
46,L,28A,46031,1384
46,L,28A,46041,844
46,L,28A,46105,700
46,L,28A,46137,522
46,L,28B,46019,1338
46,L,28B,46063,542
46,L,28B,46105,808
46,U,001,46013,4412
46,U,001,46037,2836
46,U,001,46091,2080
46,U,001,46109,2882
46,U,002,46099,1430
46,U,003,46013,1534
46,U,004,46025,1360
46,U,004,46029,1632
46,U,004,46039,1644
46,U,004,46051,2436
46,U,004,46057,1520
46,U,004,46109,660
46,U,005,46029,1962
46,U,006,46083,1368
46,U,007,46011,1304
46,U,008,46011,2134
46,U,008,46077,2508
46,U,008,46079,2018
46,U,008,46097,1162
46,U,009,46099,1180
46,U,010,46099,1228
46,U,011,46099,690
46,U,012,46083,280
46,U,012,46099,654
46,U,013,46083,466
46,U,013,46099,320
46,U,014,46099,728
46,U,015,46099,1312
46,U,016,46083,2250
46,U,016,46125,2172
46,U,016,46127,1258
46,U,017,46027,1850
46,U,017,46127,1010
46,U,018,46027,278
46,U,018,46135,2594
46,U,019,46009,2034
46,U,019,46061,1404
46,U,019,46067,2826
46,U,019,46087,2154
46,U,019,46125,280
46,U,020,46035,2508
46,U,020,46073,938
46,U,020,46097,248
46,U,020,46111,1658
46,U,021,46003,1498
46,U,021,46023,3016
46,U,021,46043,1332
46,U,021,46053,1950
46,U,021,46123,3228
46,U,022,46005,4682
46,U,022,46025,306
46,U,022,46115,3538
46,U,023,46013,324
46,U,023,46021,1050
46,U,023,46045,1818
46,U,023,46049,1498
46,U,023,46059,1932
46,U,023,46089,1592
46,U,023,46107,1376
46,U,023,46129,1716
46,U,024,46055,740
46,U,024,46065,1948
46,U,024,46069,580
46,U,024,46117,716
46,U,024,46119,748
46,U,025,46099,3004
46,U,025,46101,1872
46,U,026,46015,1564
46,U,026,46017,360
46,U,026,46065,30
46,U,026,46069,50
46,U,026,46075,732
46,U,026,46085,1652
46,U,026,46095,2446
46,U,026,46121,1152
46,U,027,46007,806
46,U,027,46071,1454
46,U,027,46102,1492
46,U,027,46103,1634
46,U,028,46019,1338
46,U,028,46031,1384
46,U,028,46041,844
46,U,028,46063,542
46,U,028,46105,1508
46,U,028,46137,522
46,U,029,46093,2672
46,U,030,46033,1498
46,U,030,46047,1650
46,U,030,46103,1144
46,U,031,46081,2454
46,U,032,46103,1122
46,U,033,46093,214
46,U,033,46103,714
46,U,034,46103,842
46,U,035,46103,1280
47,L,001,47163,3402
47,L,002,47163,3600
47,L,003,47019,704
47,L,003,47073,772
47,L,003,47091,1376
47,L,003,47163,1570
47,L,004,47019,2530
47,L,004,47171,1540
47,L,005,47059,6138
47,L,006,47179,4128
47,L,007,47179,3248
47,L,008,47009,3972
47,L,009,47025,1330
47,L,009,47067,800
47,L,009,47073,3034
47,L,010,47057,1986
47,L,010,47063,2304
47,L,011,47029,3186
47,L,011,47063,1192
47,L,011,47089,1358
47,L,012,47155,4268
47,L,013,47149,1562
47,L,014,47093,1480
47,L,015,47093,3036
47,L,016,47093,1818
47,L,017,47089,2072
47,L,017,47155,1666
47,L,018,47093,2258
47,L,019,47093,2584
47,L,020,47009,2966
47,L,021,47105,2636
47,L,021,47123,2682
47,L,022,47011,1980
47,L,022,47121,1514
47,L,022,47139,2134
47,L,023,47107,4678
47,L,023,47123,1348
47,L,024,47011,3108
47,L,025,47035,4836
47,L,025,47141,778
47,L,026,47065,2470
47,L,027,47065,3274
47,L,028,47065,4108
47,L,029,47065,1944
47,L,030,47065,2356
47,L,031,47007,1704
47,L,031,47143,2476
47,L,031,47153,1150
47,L,031,47175,898
47,L,032,47105,1430
47,L,032,47145,4520
47,L,033,47001,3158
47,L,034,47149,1848
47,L,035,47165,1780
47,L,035,47169,640
47,L,036,47013,3184
47,L,036,47025,970
47,L,036,47173,1352
47,L,037,47149,1672
47,L,038,47027,878
47,L,038,47049,774
47,L,038,47111,1642
47,L,038,47137,548
47,L,038,47151,2010
47,L,039,47051,4292
47,L,039,47115,3046
47,L,040,47015,1112
47,L,040,47041,1520
47,L,040,47087,948
47,L,040,47159,1700
47,L,040,47189,158
47,L,041,47001,952
47,L,041,47049,674
47,L,041,47129,1622
47,L,041,47133,1698
47,L,041,47145,256
47,L,042,47141,3688
47,L,043,47177,2944
47,L,043,47185,2018
47,L,044,47165,2652
47,L,045,47165,1594
47,L,046,47189,3512
47,L,047,47031,4030
47,L,047,47061,1700
47,L,048,47149,2088
47,L,049,47149,1752
47,L,050,47037,1320
47,L,051,47037,2752
47,L,052,47037,1288
47,L,053,47037,1086
47,L,054,47037,1550
47,L,055,47037,1216
47,L,056,47037,2420
47,L,057,47189,1970
47,L,058,47037,3276
47,L,059,47037,1770
47,L,060,47037,1516
47,L,061,47187,1934
47,L,062,47003,3252
47,L,062,47103,1686
47,L,062,47127,636
47,L,063,47187,2154
47,L,064,47119,3596
47,L,065,47187,3028
47,L,066,47147,3136
47,L,067,47125,1670
47,L,068,47125,1962
47,L,069,47043,2152
47,L,069,47081,2934
47,L,069,47101,1274
47,L,070,47055,3452
47,L,070,47099,2294
47,L,070,47103,1458
47,L,071,47071,398
47,L,071,47099,2080
47,L,071,47119,2376
47,L,071,47181,2658
47,L,072,47023,1690
47,L,072,47039,1970
47,L,072,47071,3174
47,L,072,47077,1054
47,L,072,47135,1402
47,L,073,47113,3412
47,L,074,47005,2326
47,L,074,47079,936
47,L,074,47083,1088
47,L,074,47085,2720
47,L,074,47161,1768
47,L,075,47125,2276
47,L,076,47017,1592
47,L,076,47079,2830
47,L,076,47183,4106
47,L,077,47045,3000
47,L,077,47095,700
47,L,077,47131,2592
47,L,078,47021,1658
47,L,078,47043,1500
47,L,079,47017,1932
47,L,079,47053,3058
47,L,079,47077,1832
47,L,080,47069,2562
47,L,080,47075,984
47,L,080,47113,1806
47,L,081,47075,924
47,L,081,47167,2362
47,L,082,47033,1502
47,L,082,47053,1864
47,L,082,47097,1762
47,L,082,47131,1346
47,L,083,47157,1876
47,L,084,47157,1614
47,L,085,47157,1576
47,L,086,47157,3200
47,L,087,47157,2044
47,L,088,47157,2272
47,L,089,47093,1280
47,L,090,47093,2494
47,L,091,47157,3256
47,L,092,47117,2608
47,L,092,47187,844
47,L,093,47157,2522
47,L,094,47047,2942
47,L,094,47069,488
47,L,094,47109,3444
47,L,095,47157,1958
47,L,096,47157,2354
47,L,097,47157,2158
47,L,098,47157,1746
47,L,099,47157,2420
47,U,001,47011,4916
47,U,001,47107,4678
47,U,001,47121,1514
47,U,001,47143,2476
47,U,002,47009,6938
47,U,002,47011,172
47,U,002,47123,4030
47,U,002,47139,2134
47,U,003,47019,3234
47,U,003,47091,1376
47,U,003,47179,7376
47,U,004,47073,3806
47,U,004,47163,8572
47,U,005,47001,4110
47,U,005,47093,2318
47,U,005,47105,4066
47,U,006,47093,7458
47,U,007,47093,5174
47,U,008,47025,2300
47,U,008,47057,1986
47,U,008,47067,800
47,U,008,47089,3430
47,U,008,47155,3852
47,U,008,47173,1352
47,U,009,47029,3186
47,U,009,47059,6138
47,U,009,47063,3496
47,U,009,47155,2082
47,U,009,47171,1540
47,U,010,47007,1704
47,U,010,47065,6482
47,U,010,47115,3046
47,U,010,47153,1150
47,U,011,47065,7670
47,U,012,47013,3184
47,U,012,47027,878
47,U,012,47049,1448
47,U,012,47111,1642
47,U,012,47129,1622
47,U,012,47133,1698
47,U,012,47137,548
47,U,012,47145,4776
47,U,012,47151,2010
47,U,013,47149,5382
47,U,014,47003,3252
47,U,014,47015,1112
47,U,014,47127,636
47,U,014,47149,3540
47,U,015,47035,4836
47,U,015,47087,948
47,U,015,47141,4466
47,U,015,47159,1700
47,U,015,47175,898
47,U,015,47185,2018
47,U,016,47031,4030
47,U,016,47041,1520
47,U,016,47051,4292
47,U,016,47061,1700
47,U,016,47103,3144
47,U,016,47177,2944
47,U,017,47037,1160
47,U,017,47189,5640
47,U,018,47165,6026
47,U,018,47169,640
47,U,019,47037,5378
47,U,020,47037,5658
47,U,021,47037,5998
47,U,022,47125,5828
47,U,023,47021,1658
47,U,023,47043,3652
47,U,023,47081,2934
47,U,023,47085,2720
47,U,023,47125,80
47,U,023,47147,3136
47,U,024,47005,2326
47,U,024,47017,3524
47,U,024,47053,4922
47,U,024,47079,3766
47,U,024,47083,1088
47,U,024,47131,3938
47,U,024,47161,1768
47,U,024,47183,4106
47,U,025,47033,1502
47,U,025,47039,1970
47,U,025,47045,3000
47,U,025,47077,2886
47,U,025,47095,700
47,U,025,47113,5218
47,U,025,47135,1402
47,U,026,47023,1690
47,U,026,47047,2942
47,U,026,47069,3050
47,U,026,47071,3572
47,U,026,47075,1908
47,U,026,47099,4374
47,U,026,47109,3444
47,U,026,47181,2658
47,U,027,47187,7336
47,U,028,47055,3452
47,U,028,47101,1274
47,U,028,47117,2608
47,U,028,47119,5972
47,U,028,47187,624
47,U,029,47157,8264
47,U,030,47157,6784
47,U,031,47157,5674
47,U,032,47097,1762
47,U,032,47157,3112
47,U,032,47167,2362
47,U,033,47157,5162
48,L,001,48037,6956
48,L,001,48067,3784
48,L,001,48277,4078
48,L,001,48343,1528
48,L,001,48387,2408
48,L,002,48223,3120
48,L,002,48231,7530
48,L,002,48467,3932
48,L,003,48339,3908
48,L,004,48213,4570
48,L,004,48257,6536
48,L,005,48063,1246
48,L,005,48379,844
48,L,005,48423,2440
48,L,005,48449,2350
48,L,005,48459,3584
48,L,005,48499,4410
48,L,006,48423,9106
48,L,007,48183,6624
48,L,007,48203,5152
48,L,007,48315,1902
48,L,008,48001,4550
48,L,008,48073,4336
48,L,008,48213,2618
48,L,008,48349,5530
48,L,009,48005,5468
48,L,009,48225,2566
48,L,009,48373,4848
48,L,009,48405,1334
48,L,009,48455,2188
48,L,009,48457,2634
48,L,010,48139,9206
48,L,011,48347,3782
48,L,011,48351,2376
48,L,011,48365,2394
48,L,011,48401,4792
48,L,011,48403,1654
48,L,011,48419,2838
48,L,012,48041,1662
48,L,012,48185,2586
48,L,012,48313,950
48,L,012,48395,2762
48,L,012,48471,2908
48,L,012,48477,2638
48,L,013,48035,3586
48,L,013,48145,2796
48,L,013,48161,2674
48,L,013,48217,5060
48,L,013,48289,2720
48,L,013,48293,3050
48,L,013,48309,4052
48,L,014,48041,5262
48,L,015,48339,3592
48,L,016,48339,5144
48,L,017,48021,5152
48,L,017,48051,2066
48,L,017,48055,3218
48,L,017,48287,1716
48,L,017,48331,3370
48,L,018,48199,4332
48,L,018,48291,5800
48,L,018,48339,1196
48,L,018,48407,2162
48,L,019,48031,1826
48,L,019,48053,5456
48,L,019,48171,2336
48,L,019,48259,1928
48,L,019,48453,3682
48,L,020,48491,6632
48,L,021,48241,3140
48,L,021,48245,5070
48,L,021,48361,5512
48,L,022,48245,11682
48,L,023,48071,2624
48,L,023,48167,9278
48,L,024,48167,5726
48,L,025,48039,9038
48,L,026,48157,4494
48,L,027,48157,4206
48,L,028,48157,5930
48,L,029,48039,6278
48,L,030,48123,2956
48,L,030,48175,850
48,L,030,48239,2406
48,L,030,48285,2968
48,L,030,48321,5240
48,L,030,48469,5166
48,L,031,48047,1572
48,L,031,48131,2702
48,L,031,48247,1538
48,L,031,48255,2200
48,L,031,48261,968
48,L,031,48283,2200
48,L,031,48297,2006
48,L,031,48311,870
48,L,031,48427,4644
48,L,031,48493,2456
48,L,031,48505,2098
48,L,032,48007,2436
48,L,032,48355,4340
48,L,033,48085,2366
48,L,033,48397,3430
48,L,034,48355,9170
48,L,035,48061,4098
48,L,035,48215,3882
48,L,036,48215,5312
48,L,037,48061,10400
48,L,037,48489,3282
48,L,038,48061,5106
48,L,039,48215,6816
48,L,040,48215,4822
48,L,041,48215,5436
48,L,042,48479,6718
48,L,043,48025,2842
48,L,043,48057,2646
48,L,043,48249,3428
48,L,043,48273,2646
48,L,043,48391,1464
48,L,043,48409,5110
48,L,044,48177,2756
48,L,044,48187,6068
48,L,045,48209,4972
48,L,046,48453,5954
48,L,047,48453,4816
48,L,048,48453,4990
48,L,049,48453,4934
48,L,050,48453,4158
48,L,051,48453,5278
48,L,052,48491,7264
48,L,053,48019,2180
48,L,053,48103,956
48,L,053,48105,2348
48,L,053,48137,1542
48,L,053,48265,4130
48,L,053,48267,1526
48,L,053,48299,2978
48,L,053,48307,2790
48,L,053,48319,1136
48,L,053,48325,4154
48,L,053,48327,778
48,L,053,48371,4732
48,L,053,48385,1028
48,L,053,48413,1352
48,L,053,48435,1508
48,L,053,48461,2086
48,L,054,48027,7492
48,L,055,48027,7374
48,L,056,48309,9908
48,L,057,48121,5426
48,L,058,48251,7702
48,L,058,48425,678
48,L,059,48099,3982
48,L,059,48143,3396
48,L,059,48193,1818
48,L,059,48221,3470
48,L,060,48363,4164
48,L,060,48367,6782
48,L,060,48429,1784
48,L,061,48085,5254
48,L,062,48119,1142
48,L,062,48147,4340
48,L,062,48159,1244
48,L,062,48181,10720
48,L,063,48121,5088
48,L,064,48121,4044
48,L,064,48497,5020
48,L,065,48121,5756
48,L,066,48085,6960
48,L,067,48085,7698
48,L,068,48049,4058
48,L,068,48093,2654
48,L,068,48097,3996
48,L,068,48133,3668
48,L,068,48237,1728
48,L,068,48281,1876
48,L,068,48333,1012
48,L,068,48337,3266
48,L,068,48411,1774
48,L,068,48417,1814
48,L,068,48447,1340
48,L,068,48503,2656
48,L,069,48009,1764
48,L,069,48023,1240
48,L,069,48077,2252
48,L,069,48101,1350
48,L,069,48151,2104
48,L,069,48155,1000
48,L,069,48197,1954
48,L,069,48207,2454
48,L,069,48269,924
48,L,069,48275,1790
48,L,069,48345,1094
48,L,069,48433,1504
48,L,069,48485,7942
48,L,069,48487,2790
48,L,070,48085,4630
48,L,071,48059,1994
48,L,071,48253,3484
48,L,071,48353,3264
48,L,071,48441,8610
48,L,072,48081,1496
48,L,072,48083,2952
48,L,072,48095,1380
48,L,072,48173,970
48,L,072,48227,3554
48,L,072,48235,1316
48,L,072,48383,1900
48,L,072,48399,2846
48,L,072,48431,1206
48,L,072,48451,8228
48,L,073,48091,5890
48,L,073,48209,1344
48,L,074,48043,4698
48,L,074,48109,2246
48,L,074,48141,1578
48,L,074,48229,2708
48,L,074,48243,1076
48,L,074,48271,2158
48,L,074,48323,3556
48,L,074,48377,3172
48,L,074,48389,3126
48,L,074,48443,1140
48,L,074,48465,5660
48,L,075,48141,6260
48,L,076,48157,3498
48,L,077,48141,8002
48,L,078,48141,5934
48,L,079,48141,5838
48,L,080,48013,3804
48,L,080,48127,2598
48,L,080,48163,2680
48,L,080,48463,3838
48,L,080,48479,4510
48,L,080,48507,2498
48,L,081,48135,8066
48,L,081,48301,278
48,L,081,48475,2536
48,L,081,48495,1054
48,L,082,48115,3346
48,L,082,48317,1630
48,L,082,48329,7598
48,L,083,48033,1094
48,L,083,48107,2198
48,L,083,48125,1242
48,L,083,48153,2368
48,L,083,48169,1532
48,L,083,48263,1024
48,L,083,48303,6422
48,L,083,48305,2660
48,L,083,48335,2336
48,L,083,48415,3246
48,L,083,48445,3052
48,L,084,48303,8110
48,L,085,48015,2822
48,L,085,48089,3218
48,L,085,48149,3950
48,L,085,48157,1160
48,L,085,48473,3238
48,L,085,48481,4858
48,L,086,48011,1148
48,L,086,48111,1974
48,L,086,48117,2686
48,L,086,48205,1566
48,L,086,48359,1804
48,L,086,48369,2928
48,L,086,48381,5614
48,L,087,48065,2278
48,L,087,48195,1528
48,L,087,48233,3492
48,L,087,48295,1344
48,L,087,48341,2424
48,L,087,48357,1466
48,L,087,48375,7946
48,L,087,48421,1334
48,L,088,48003,2808
48,L,088,48017,2018
48,L,088,48045,1306
48,L,088,48069,2634
48,L,088,48075,1892
48,L,088,48079,1866
48,L,088,48087,1646
48,L,088,48129,2054
48,L,088,48165,2982
48,L,088,48179,3670
48,L,088,48189,5084
48,L,088,48191,1932
48,L,088,48211,1282
48,L,088,48219,3906
48,L,088,48279,4098
48,L,088,48393,904
48,L,088,48437,2888
48,L,088,48483,2068
48,L,088,48501,1644
48,L,089,48085,5740
48,L,090,48439,8218
48,L,091,48439,5232
48,L,092,48439,4548
48,L,093,48439,4858
48,L,094,48439,5668
48,L,095,48439,7378
48,L,096,48439,4746
48,L,097,48439,6638
48,L,098,48439,5150
48,L,099,48439,7134
48,L,100,48113,6438
48,L,101,48439,4280
48,L,102,48113,3878
48,L,103,48113,6088
48,L,104,48113,6364
48,L,105,48113,3668
48,L,106,48121,6364
48,L,107,48113,5296
48,L,108,48113,6590
48,L,109,48113,6138
48,L,110,48113,5152
48,L,111,48113,5184
48,L,112,48113,5948
48,L,113,48113,4828
48,L,114,48113,5536
48,L,115,48113,5252
48,L,116,48029,4214
48,L,117,48029,3988
48,L,118,48029,5978
48,L,119,48029,5542
48,L,120,48029,5270
48,L,121,48029,4376
48,L,122,48029,3850
48,L,123,48029,7250
48,L,124,48029,3488
48,L,125,48029,3434
48,L,126,48201,3642
48,L,127,48201,4122
48,L,128,48201,5494
48,L,129,48201,4704
48,L,130,48201,3648
48,L,131,48201,3044
48,L,132,48201,3554
48,L,133,48201,2392
48,L,134,48201,5308
48,L,135,48201,2550
48,L,136,48491,4098
48,L,137,48201,1810
48,L,138,48201,3720
48,L,139,48201,3934
48,L,140,48201,3694
48,L,141,48201,4312
48,L,142,48201,5444
48,L,143,48201,7392
48,L,144,48201,5114
48,L,145,48201,7846
48,L,146,48201,3832
48,L,147,48201,6776
48,L,148,48201,3650
48,L,149,48201,2738
48,L,150,48201,3434
48,U,001,48037,6956
48,U,001,48063,1246
48,U,001,48067,3784
48,U,001,48119,1142
48,U,001,48147,4340
48,U,001,48159,1244
48,U,001,48183,6624
48,U,001,48203,5152
48,U,001,48223,3120
48,U,001,48277,4078
48,U,001,48315,1902
48,U,001,48343,1528
48,U,001,48365,2394
48,U,001,48387,2408
48,U,001,48401,4792
48,U,001,48423,11546
48,U,001,48449,2350
48,U,001,48459,3584
48,U,001,48499,4410
48,U,002,48085,2136
48,U,002,48113,12558
48,U,002,48139,4558
48,U,002,48257,6536
48,U,002,48349,5530
48,U,002,48397,3430
48,U,002,48467,3932
48,U,003,48001,4550
48,U,003,48005,5468
48,U,003,48073,4336
48,U,003,48199,4332
48,U,003,48213,7188
48,U,003,48225,2566
48,U,003,48241,3140
48,U,003,48245,9506
48,U,003,48291,5800
48,U,003,48347,3782
48,U,003,48351,2376
48,U,003,48361,5512
48,U,003,48373,4848
48,U,003,48403,1654
48,U,003,48405,1334
48,U,003,48419,2838
48,U,003,48455,2188
48,U,003,48457,2634
48,U,004,48071,2624
48,U,004,48167,726
48,U,004,48201,7038
48,U,004,48245,7246
48,U,004,48339,11684
48,U,005,48021,5152
48,U,005,48041,6924
48,U,005,48161,2674
48,U,005,48289,2720
48,U,005,48293,3050
48,U,005,48313,950
48,U,005,48331,3370
48,U,005,48395,2762
48,U,005,48407,2162
48,U,005,48471,2908
48,U,005,48491,13156
48,U,006,48201,27032
48,U,007,48201,14726
48,U,007,48339,1110
48,U,008,48085,27020
48,U,008,48231,7530
48,U,008,48379,844
48,U,009,48439,31702
48,U,010,48049,4058
48,U,010,48059,1994
48,U,010,48251,7702
48,U,010,48363,4164
48,U,010,48367,2856
48,U,010,48417,1814
48,U,010,48429,1784
48,U,010,48439,18450
48,U,011,48039,6872
48,U,011,48167,14278
48,U,011,48201,8116
48,U,012,48113,10914
48,U,012,48121,13030
48,U,012,48439,3056
48,U,012,48497,5020
48,U,013,48157,4048
48,U,013,48201,16154
48,U,014,48453,23874
48,U,015,48201,20566
48,U,016,48113,24134
48,U,017,48039,8444
48,U,017,48089,3218
48,U,017,48157,7078
48,U,017,48201,6268
48,U,017,48239,2406
48,U,017,48321,5240
48,U,017,48473,562
48,U,017,48481,4858
48,U,018,48007,2436
48,U,018,48015,2822
48,U,018,48051,2066
48,U,018,48057,2646
48,U,018,48123,2956
48,U,018,48149,3950
48,U,018,48157,8162
48,U,018,48175,850
48,U,018,48177,2756
48,U,018,48185,2586
48,U,018,48201,2254
48,U,018,48285,2968
48,U,018,48287,1716
48,U,018,48339,1046
48,U,018,48391,1464
48,U,018,48469,5166
48,U,018,48473,2676
48,U,018,48477,2638
48,U,019,48013,1656
48,U,019,48029,16302
48,U,019,48043,1892
48,U,019,48105,2348
48,U,019,48137,1542
48,U,019,48163,2680
48,U,019,48187,2002
48,U,019,48271,2158
48,U,019,48323,3556
48,U,019,48385,1028
48,U,019,48443,1140
48,U,019,48463,3838
48,U,019,48465,5660
48,U,019,48507,2498
48,U,020,48047,1572
48,U,020,48215,16442
48,U,020,48249,3428
48,U,020,48355,10030
48,U,021,48029,600
48,U,021,48055,3218
48,U,021,48127,2598
48,U,021,48131,2702
48,U,021,48187,1122
48,U,021,48209,4118
48,U,021,48247,1538
48,U,021,48255,2200
48,U,021,48283,2200
48,U,021,48297,2006
48,U,021,48311,870
48,U,021,48427,4644
48,U,021,48453,4574
48,U,021,48479,11228
48,U,021,48493,2456
48,U,021,48505,2098
48,U,022,48035,3586
48,U,022,48093,2654
48,U,022,48133,3668
48,U,022,48139,4648
48,U,022,48143,3396
48,U,022,48145,2796
48,U,022,48193,1818
48,U,022,48217,5060
48,U,022,48221,3470
48,U,022,48309,13960
48,U,022,48425,678
48,U,022,48439,8702
48,U,023,48113,28754
48,U,023,48439,1940
48,U,024,48013,2148
48,U,024,48019,2180
48,U,024,48027,14866
48,U,024,48053,5456
48,U,024,48099,3982
48,U,024,48171,2336
48,U,024,48265,4130
48,U,024,48267,1526
48,U,024,48281,1876
48,U,024,48299,2978
48,U,024,48325,4154
48,U,024,48435,1508
48,U,024,48491,4838
48,U,025,48029,7850
48,U,025,48031,1826
48,U,025,48091,5890
48,U,025,48187,2944
48,U,025,48209,2198
48,U,025,48259,1928
48,U,025,48453,5364
48,U,026,48029,22638
48,U,027,48025,2842
48,U,027,48061,19604
48,U,027,48215,9826
48,U,027,48261,968
48,U,027,48273,2646
48,U,027,48355,3480
48,U,027,48409,5110
48,U,027,48489,3282
48,U,028,48023,1240
48,U,028,48075,1892
48,U,028,48083,2952
48,U,028,48087,1646
48,U,028,48095,1380
48,U,028,48101,1350
48,U,028,48107,2198
48,U,028,48125,1242
48,U,028,48129,2054
48,U,028,48151,2104
48,U,028,48153,2368
48,U,028,48155,1000
48,U,028,48169,1532
48,U,028,48179,3670
48,U,028,48189,5084
48,U,028,48197,1954
48,U,028,48207,2454
48,U,028,48219,3906
48,U,028,48253,3484
48,U,028,48263,1024
48,U,028,48269,924
48,U,028,48275,1790
48,U,028,48279,4098
48,U,028,48303,14532
48,U,028,48305,2660
48,U,028,48307,2790
48,U,028,48319,1136
48,U,028,48327,778
48,U,028,48333,1012
48,U,028,48345,1094
48,U,028,48353,3264
48,U,028,48399,2846
48,U,028,48411,1774
48,U,028,48433,1504
48,U,028,48441,8610
48,U,028,48445,3052
48,U,028,48447,1340
48,U,028,48451,8228
48,U,028,48483,2068
48,U,028,48485,4752
48,U,028,48487,2790
48,U,029,48043,2806
48,U,029,48109,2246
48,U,029,48141,27612
48,U,029,48229,2708
48,U,029,48243,1076
48,U,029,48371,4732
48,U,029,48377,3172
48,U,029,48389,3126
48,U,030,48009,1764
48,U,030,48077,2252
48,U,030,48085,3492
48,U,030,48097,3996
48,U,030,48121,13648
48,U,030,48181,10720
48,U,030,48237,1728
48,U,030,48337,3266
48,U,030,48367,3926
48,U,030,48485,3190
48,U,030,48503,2656
48,U,031,48003,2808
48,U,031,48011,1148
48,U,031,48017,2018
48,U,031,48033,1094
48,U,031,48045,1306
48,U,031,48065,2278
48,U,031,48069,2634
48,U,031,48079,1866
48,U,031,48081,1496
48,U,031,48103,956
48,U,031,48111,1974
48,U,031,48115,3346
48,U,031,48117,2686
48,U,031,48135,8066
48,U,031,48165,2982
48,U,031,48173,970
48,U,031,48191,1932
48,U,031,48195,1528
48,U,031,48205,1566
48,U,031,48211,1282
48,U,031,48227,3554
48,U,031,48233,3492
48,U,031,48235,1316
48,U,031,48295,1344
48,U,031,48301,278
48,U,031,48317,1630
48,U,031,48329,7598
48,U,031,48335,2336
48,U,031,48341,2424
48,U,031,48357,1466
48,U,031,48359,1804
48,U,031,48369,2928
48,U,031,48375,7946
48,U,031,48381,5614
48,U,031,48383,1900
48,U,031,48393,904
48,U,031,48413,1352
48,U,031,48415,3246
48,U,031,48421,1334
48,U,031,48431,1206
48,U,031,48437,2888
48,U,031,48461,2086
48,U,031,48475,2536
48,U,031,48495,1054
48,U,031,48501,1644
49,L,001,49003,4426
49,L,001,49005,402
49,L,002,49005,1670
49,L,003,49005,1474
49,L,004,49029,594
49,L,004,49033,1302
49,L,004,49043,2250
49,L,005,49005,2188
49,L,006,49003,710
49,L,006,49057,932
49,L,007,49057,1230
49,L,008,49029,32
49,L,008,49057,1498
49,L,009,49057,1414
49,L,010,49057,1260
49,L,011,49011,706
49,L,011,49057,790
49,L,012,49011,156
49,L,012,49057,1098
49,L,013,49011,964
49,L,014,49011,848
49,L,015,49011,932
49,L,016,49011,1028
49,L,017,49011,1212
49,L,018,49011,1216
49,L,019,49011,1152
49,L,020,49011,1122
49,L,021,49035,914
49,L,022,49035,1022
49,L,023,49035,1020
49,L,023,49043,32
49,L,024,49035,1190
49,L,025,49035,1200
49,L,026,49035,892
49,L,027,49035,1032
49,L,028,49045,1346
49,L,029,49023,922
49,L,029,49027,4692
49,L,029,49045,3694
49,L,030,49035,746
49,L,031,49035,718
49,L,032,49035,944
49,L,033,49035,1132
49,L,034,49035,804
49,L,035,49035,920
49,L,036,49035,782
49,L,037,49035,890
49,L,038,49035,998
49,L,039,49035,778
49,L,040,49035,1106
49,L,041,49035,1096
49,L,042,49035,1258
49,L,043,49035,1142
49,L,044,49035,1068
49,L,045,49035,1046
49,L,046,49035,906
49,L,047,49035,854
49,L,048,49035,1040
49,L,049,49035,882
49,L,050,49049,1934
49,L,051,49049,1192
49,L,052,49049,1414
49,L,053,49049,1144
49,L,054,49049,1306
49,L,055,49049,1172
49,L,056,49049,1094
49,L,057,49049,882
49,L,058,49049,1224
49,L,059,49043,572
49,L,059,49051,2768
49,L,060,49049,594
49,L,061,49049,974
49,L,062,49049,1258
49,L,063,49049,1656
49,L,064,49049,1690
49,L,065,49049,2068
49,L,066,49023,1518
49,L,066,49039,3550
49,L,066,49049,582
49,L,067,49007,2048
49,L,067,49013,1810
49,L,067,49015,1098
49,L,068,49009,758
49,L,068,49013,904
49,L,068,49043,236
49,L,068,49047,3394
49,L,069,49015,1312
49,L,069,49017,2184
49,L,069,49019,1354
49,L,069,49025,2806
49,L,069,49037,3832
49,L,069,49055,2450
49,L,070,49001,2534
49,L,070,49021,2752
49,L,070,49031,806
49,L,070,49041,3398
49,L,071,49021,2300
49,L,072,49053,2314
49,L,073,49053,1644
49,L,074,49053,1894
49,L,075,49053,2322
49,U,001,49003,5136
49,U,001,49005,1416
49,U,001,49045,1292
49,U,002,49005,4318
49,U,002,49033,1302
49,U,003,49029,332
49,U,003,49043,1076
49,U,003,49057,2848
49,U,004,49011,692
49,U,004,49057,2780
49,U,005,49011,908
49,U,005,49029,200
49,U,005,49057,2594
49,U,006,49011,2282
49,U,007,49011,3026
49,U,007,49029,94
49,U,008,49011,2428
49,U,008,49035,618
49,U,009,49035,2532
49,U,010,49035,2478
49,U,011,49035,1050
49,U,011,49045,3748
49,U,011,49049,1238
49,U,012,49035,1974
49,U,013,49035,2404
49,U,014,49035,2680
49,U,015,49035,2730
49,U,016,49035,2184
49,U,017,49035,2744
49,U,018,49035,2170
49,U,018,49049,142
49,U,019,49035,2624
49,U,019,49049,440
49,U,020,49009,758
49,U,020,49013,2714
49,U,020,49043,2014
49,U,020,49047,3394
49,U,020,49051,2250
49,U,021,49049,3238
49,U,022,49035,192
49,U,022,49049,2870
49,U,023,49049,2424
49,U,024,49049,2400
49,U,024,49051,110
49,U,025,49049,4386
49,U,026,49007,2048
49,U,026,49015,2410
49,U,026,49017,216
49,U,026,49019,1354
49,U,026,49025,1436
49,U,026,49037,3832
49,U,026,49049,2004
49,U,026,49051,408
49,U,026,49055,1050
49,U,027,49017,1968
49,U,027,49023,1846
49,U,027,49025,1370
49,U,027,49027,1530
49,U,027,49031,806
49,U,027,49039,3550
49,U,027,49041,3398
49,U,027,49049,1042
49,U,027,49053,1478
49,U,027,49055,1400
49,U,028,49001,2534
49,U,028,49021,5052
49,U,028,49023,594
49,U,028,49027,3162
49,U,028,49053,1702
49,U,029,49053,4994
50,L,A-1,50001,378
50,L,A-2,50001,706
50,L,A-3,50001,884
50,L,A-4,50001,776
50,L,A-5,50001,590
50,L,A-R,50001,546
50,L,A-R,50021,216
50,L,B-1,50003,588
50,L,B-2,50003,476
50,L,B-3,50003,284
50,L,B-4,50003,574
50,L,B-5,50003,276
50,L,B-R,50003,304
50,L,B-R,50021,210
50,L,C-1,50007,314
50,L,C-2,50007,314
50,L,C-3,50007,450
50,L,C-4,50007,206
50,L,C-5,50007,246
50,L,C-6,50007,184
50,L,C-7,50007,196
50,L,C-8,50007,142
50,L,C-9,50007,92
50,L,C-F,50007,298
50,L,C-F,50011,48
50,L,C10,50007,174
50,L,C11,50007,84
50,L,C12,50007,130
50,L,C13,50007,184
50,L,C14,50007,92
50,L,C15,50007,110
50,L,C16,50007,172
50,L,C17,50007,126
50,L,C18,50007,152
50,L,C19,50007,210
50,L,C20,50007,406
50,L,C21,50007,188
50,L,C22,50007,210
50,L,C23,50007,236
50,L,C24,50007,148
50,L,C25,50007,284
50,L,CA1,50005,898
50,L,CA2,50005,458
50,L,CA3,50005,944
50,L,CAE,50005,638
50,L,CAE,50009,232
50,L,CAW,50005,454
50,L,CAW,50023,164
50,L,E-C,50005,194
50,L,E-C,50009,708
50,L,E-O,50009,694
50,L,E-O,50019,344
50,L,F-1,50011,726
50,L,F-2,50011,210
50,L,F-3,50011,130
50,L,F-4,50011,592
50,L,F-5,50011,806
50,L,F-6,50011,534
50,L,F-7,50011,338
50,L,F-8,50011,140
50,L,GIC,50007,104
50,L,GIC,50013,424
50,L,L-1,50015,240
50,L,L-2,50015,674
50,L,L-3,50015,430
50,L,L-W,50015,420
50,L,L-W,50023,204
50,L,O-1,50019,416
50,L,O-2,50019,248
50,L,O-3,50019,608
50,L,O-4,50019,662
50,L,O-L,50015,144
50,L,O-L,50019,1030
50,L,OR1,50017,554
50,L,OR2,50017,432
50,L,OR3,50017,376
50,L,ORC,50005,198
50,L,ORC,50017,494
50,L,OWA,50001,110
50,L,OWA,50017,700
50,L,OWA,50023,102
50,L,R-1,50021,378
50,L,R-2,50021,790
50,L,R-3,50021,322
50,L,R-4,50021,198
50,L,R-5,50021,122
50,L,R-6,50021,194
50,L,R-7,50021,158
50,L,R-8,50021,342
50,L,R-9,50021,226
50,L,R-B,50003,100
50,L,R-B,50021,354
50,L,R-W,50021,312
50,L,R-W,50027,286
50,L,R10,50021,430
50,L,R11,50021,386
50,L,W-1,50025,298
50,L,W-2,50025,670
50,L,W-3,50025,800
50,L,W-4,50025,402
50,L,W-5,50025,490
50,L,W-6,50025,532
50,L,W-7,50025,160
50,L,W-8,50025,156
50,L,W-9,50025,216
50,L,WA1,50023,656
50,L,WA2,50023,762
50,L,WA3,50023,420
50,L,WA4,50023,398
50,L,WA5,50023,394
50,L,WA6,50023,500
50,L,WAC,50007,354
50,L,WAC,50023,306
50,L,WAO,50017,42
50,L,WAO,50023,394
50,L,WWB,50003,192
50,L,WWB,50025,204
50,L,WWB,50027,208
50,L,Y-1,50027,648
50,L,Y-2,50027,630
50,L,Y-3,50027,494
50,L,Y-4,50027,546
50,L,Y-5,50027,624
50,L,Y-6,50027,550
50,L,Y-A,50001,68
50,L,Y-A,50027,576
50,L,Y-W,50025,248
50,L,Y-W,50027,352
50,L,YO1,50017,200
50,L,YO1,50027,286
50,L,YO2,50017,418
50,L,YO2,50027,452
50,U,ADD,50001,4058
50,U,ADD,50007,206
50,U,ADD,50027,190
50,U,BEN,50003,2794
50,U,BEN,50025,566
50,U,CAL,50005,2750
50,U,CAL,50017,340
50,U,CHC,50007,1390
50,U,CHN,50007,832
50,U,CHN,50011,378
50,U,CHS,50007,2864
50,U,ESX,50005,468
50,U,ESX,50009,1634
50,U,ESX,50019,854
50,U,FRA,50011,2952
50,U,FRA,50013,148
50,U,GRI,50007,514
50,U,GRI,50013,276
50,U,LAM,50011,118
50,U,LAM,50015,1636
50,U,ORA,50017,2346
50,U,ORL,50005,566
50,U,ORL,50011,76
50,U,ORL,50019,2454
50,U,RUT,50021,4566
50,U,WAS,50015,272
50,U,WAS,50017,264
50,U,WAS,50023,4300
50,U,WDH,50025,3610
50,U,WSR,50017,266
50,U,WSR,50021,72
50,U,WSR,50027,5462
51,L,001,51013,1924
51,L,002,51013,1572
51,L,003,51013,796
51,L,003,51510,382
51,L,004,51059,274
51,L,004,51510,336
51,L,005,51510,1742
51,L,006,51059,1698
51,L,007,51059,1064
51,L,008,51059,1142
51,L,009,51059,1592
51,L,010,51059,1424
51,L,011,51059,806
51,L,011,51600,620
51,L,012,51059,1428
51,L,013,51059,1200
51,L,013,51610,328
51,L,014,51059,1226
51,L,015,51059,1172
51,L,016,51059,1450
51,L,017,51059,1128
51,L,018,51059,1346
51,L,019,51059,910
51,L,019,51153,808
51,L,020,51153,400
51,L,020,51683,818
51,L,020,51685,206
51,L,021,51153,1622
51,L,022,51153,1686
51,L,023,51153,1404
51,L,023,51179,626
51,L,024,51153,974
51,L,025,51153,1344
51,L,026,51107,2366
51,L,027,51107,1814
51,L,028,51107,2018
51,L,029,51107,2096
51,L,030,51061,982
51,L,030,51107,3470
51,L,031,51043,1058
51,L,031,51069,972
51,L,031,51187,1884
51,L,032,51069,2328
51,L,032,51840,1020
51,L,033,51139,1868
51,L,033,51165,1132
51,L,033,51171,3038
51,L,033,51187,210
51,L,034,51165,1920
51,L,034,51660,1262
51,L,035,51015,2848
51,L,035,51017,690
51,L,035,51091,654
51,L,035,51165,2010
51,L,036,51015,1304
51,L,036,51163,888
51,L,036,51790,1042
51,L,036,51820,1342
51,L,037,51005,1636
51,L,037,51023,2062
51,L,037,51045,702
51,L,037,51163,1558
51,L,037,51530,570
51,L,037,51580,590
51,L,037,51678,292
51,L,038,51770,4870
51,L,039,51067,3006
51,L,039,51161,1016
51,L,040,51161,1120
51,L,040,51770,460
51,L,040,51775,1248
51,L,041,51121,2526
51,L,041,51161,700
51,L,042,51071,1842
51,L,042,51121,1138
51,L,042,51155,1446
51,L,042,51750,836
51,L,043,51021,912
51,L,043,51027,2172
51,L,043,51051,1272
51,L,043,51167,848
51,L,043,51185,3562
51,L,044,51167,1930
51,L,044,51191,4182
51,L,044,51520,1222
51,L,045,51051,200
51,L,045,51105,2474
51,L,045,51169,2798
51,L,045,51195,3118
51,L,045,51720,342
51,L,046,51077,1942
51,L,046,51155,864
51,L,046,51173,2868
51,L,046,51197,2586
51,L,047,51035,2448
51,L,047,51063,1418
51,L,047,51089,856
51,L,047,51141,1878
51,L,047,51640,440
51,L,048,51089,1832
51,L,048,51143,3064
51,L,048,51690,614
51,L,049,51083,2004
51,L,049,51143,930
51,L,049,51590,2080
51,L,050,51037,1586
51,L,050,51083,1240
51,L,050,51111,1538
51,L,050,51117,3754
51,L,050,51147,1256
51,L,051,51019,1662
51,L,051,51031,2232
51,L,051,51143,232
51,L,052,51031,202
51,L,052,51680,2928
51,L,053,51009,2016
51,L,053,51019,2032
51,L,053,51125,1322
51,L,054,51003,768
51,L,054,51540,1296
51,L,055,51003,3324
51,L,055,51065,10
51,L,055,51109,454
51,L,055,51125,616
51,L,056,51011,1054
51,L,056,51029,1334
51,L,056,51049,804
51,L,056,51065,1244
51,L,056,51075,1058
51,L,056,51109,8
51,L,056,51147,240
51,L,057,51075,502
51,L,057,51087,1542
51,L,058,51087,2728
51,L,059,51085,1746
51,L,059,51087,634
51,L,059,51109,1506
51,L,060,51085,1786
51,L,060,51127,436
51,L,061,51047,526
51,L,061,51061,2218
51,L,061,51157,888
51,L,062,51047,1584
51,L,062,51079,696
51,L,062,51113,1056
51,L,062,51137,1288
51,L,063,51137,896
51,L,063,51177,1538
51,L,064,51179,1352
51,L,065,51177,276
51,L,065,51179,1224
51,L,065,51630,994
51,L,066,51033,1186
51,L,066,51177,1904
51,L,067,51033,1198
51,L,067,51099,916
51,L,067,51103,838
51,L,067,51133,1116
51,L,067,51159,584
51,L,067,51193,1560
51,L,068,51057,836
51,L,068,51073,992
51,L,068,51097,748
51,L,068,51101,1198
51,L,068,51115,522
51,L,068,51119,888
51,L,069,51073,218
51,L,069,51095,510
51,L,069,51199,1760
51,L,069,51700,400
51,L,070,51700,1560
51,L,071,51095,1316
51,L,071,51127,704
51,L,071,51830,466
51,L,072,51007,860
51,L,072,51041,582
51,L,072,51135,1956
51,L,072,51145,1120
51,L,073,51041,1494
51,L,074,51041,1352
51,L,074,51570,788
51,L,075,51041,1090
51,L,075,51149,640
51,L,075,51670,1556
51,L,076,51041,1448
51,L,077,51041,872
51,L,077,51760,1364
51,L,078,51760,3974
51,L,079,51760,4124
51,L,080,51087,2826
51,L,081,51036,460
51,L,081,51041,488
51,L,081,51087,2510
51,L,082,51053,1694
51,L,082,51149,1012
51,L,082,51181,774
51,L,082,51730,1772
51,L,083,51025,2082
51,L,083,51053,352
51,L,083,51081,1080
51,L,083,51093,1020
51,L,083,51175,2166
51,L,083,51183,1772
51,L,083,51595,384
51,L,084,51093,872
51,L,084,51620,408
51,L,084,51800,2178
51,L,085,51700,2644
51,L,086,51199,396
51,L,086,51650,1688
51,L,086,51735,258
51,L,087,51650,2772
51,L,088,51740,3906
51,L,089,51550,1322
51,L,089,51800,1292
51,L,090,51550,1836
51,L,091,51550,1936
51,L,091,51740,452
51,L,092,51550,834
51,L,092,51710,2754
51,L,093,51710,3132
51,L,094,51710,2462
51,L,095,51710,394
51,L,095,51810,1590
51,L,096,51810,1232
51,L,097,51810,1900
51,L,098,51810,1914
51,L,099,51810,2470
51,L,100,51001,4368
51,L,100,51131,1936
51,L,100,51810,1240
51,U,001,51043,1058
51,U,001,51069,3300
51,U,001,51171,3038
51,U,001,51187,2094
51,U,001,51840,1020
51,U,002,51015,2848
51,U,002,51017,690
51,U,002,51091,654
51,U,002,51139,1868
51,U,002,51165,5062
51,U,002,51660,1262
51,U,003,51005,1636
51,U,003,51015,1304
51,U,003,51023,2062
51,U,003,51045,702
51,U,003,51161,1122
51,U,003,51163,2446
51,U,003,51530,570
51,U,003,51580,590
51,U,003,51678,292
51,U,003,51790,1042
51,U,003,51820,1342
51,U,004,51121,1912
51,U,004,51161,1714
51,U,004,51770,5330
51,U,004,51775,1248
51,U,005,51021,912
51,U,005,51071,1842
51,U,005,51121,1752
51,U,005,51155,2310
51,U,005,51173,2868
51,U,005,51185,3562
51,U,005,51197,1438
51,U,005,51750,836
51,U,006,51027,2172
51,U,006,51051,1472
51,U,006,51105,2474
51,U,006,51167,2778
51,U,006,51169,2798
51,U,006,51191,4182
51,U,006,51195,3118
51,U,006,51520,1222
51,U,006,51720,342
51,U,007,51035,2448
51,U,007,51063,1418
51,U,007,51067,3006
51,U,007,51077,1942
51,U,007,51089,2688
51,U,007,51141,1878
51,U,007,51197,1148
51,U,007,51640,440
51,U,007,51690,614
51,U,008,51019,3694
51,U,008,51031,2434
51,U,008,51680,2928
51,U,009,51037,1586
51,U,009,51083,3244
51,U,009,51111,1538
51,U,009,51117,3754
51,U,009,51135,1956
51,U,009,51143,4226
51,U,009,51147,784
51,U,009,51590,2080
51,U,010,51007,860
51,U,010,51011,1054
51,U,010,51029,1334
51,U,010,51049,804
51,U,010,51065,1254
51,U,010,51075,1560
51,U,010,51085,1866
51,U,010,51109,1514
51,U,010,51145,1120
51,U,010,51147,712
51,U,011,51003,4092
51,U,011,51009,2016
51,U,011,51109,454
51,U,011,51125,1938
51,U,011,51540,1296
51,U,012,51041,3930
51,U,012,51570,788
51,U,013,51036,460
51,U,013,51053,1246
51,U,013,51087,2604
51,U,013,51149,1652
51,U,013,51181,774
51,U,013,51183,1772
51,U,013,51670,1556
51,U,013,51730,1772
51,U,014,51087,1722
51,U,014,51760,7980
51,U,015,51041,3396
51,U,015,51760,1482
51,U,016,51087,5914
51,U,017,51025,2082
51,U,017,51053,800
51,U,017,51081,1080
51,U,017,51093,1892
51,U,017,51175,2166
51,U,017,51595,384
51,U,017,51620,408
51,U,017,51740,528
51,U,017,51800,3470
51,U,018,51550,3634
51,U,018,51740,3830
51,U,019,51550,2294
51,U,019,51810,2166
51,U,020,51001,4368
51,U,020,51131,1936
51,U,020,51710,786
51,U,020,51810,4232
51,U,021,51710,7956
51,U,022,51810,3948
51,U,023,51650,4460
51,U,023,51700,2214
51,U,024,51095,134
51,U,024,51199,2156
51,U,024,51700,2390
51,U,024,51735,258
51,U,024,51830,466
51,U,025,51033,2384
51,U,025,51057,836
51,U,025,51097,646
51,U,025,51099,916
51,U,025,51101,1198
51,U,025,51103,838
51,U,025,51119,888
51,U,025,51133,1116
51,U,025,51159,584
51,U,025,51177,1818
51,U,025,51193,1560
51,U,026,51073,1210
51,U,026,51085,1666
51,U,026,51095,1692
51,U,026,51097,102
51,U,026,51115,522
51,U,026,51127,1140
51,U,027,51177,926
51,U,027,51179,2618
51,U,027,51630,994
51,U,028,51047,2110
51,U,028,51061,1860
51,U,028,51079,696
51,U,028,51113,1056
51,U,028,51137,2184
51,U,028,51157,888
51,U,028,51177,974
51,U,029,51153,3232
51,U,029,51179,584
51,U,030,51153,2854
51,U,030,51683,818
51,U,030,51685,206
51,U,031,51061,1340
51,U,031,51107,6212
51,U,032,51107,5552
51,U,033,51059,1046
51,U,033,51153,2152
51,U,034,51059,3734
51,U,035,51059,3184
51,U,036,51059,3484
51,U,037,51059,2720
51,U,037,51600,620
51,U,037,51610,328
51,U,038,51059,3418
51,U,039,51013,398
51,U,039,51059,274
51,U,039,51510,2460
51,U,040,51013,3894
53,L,001,53033,1756
53,L,001,53061,976
53,L,002,53053,3466
53,L,002,53067,1560
53,L,003,53063,10870
53,L,004,53063,5478
53,L,005,53033,4854
53,L,006,53063,7222
53,L,007,53017,3716
53,L,007,53019,2472
53,L,007,53025,2148
53,L,007,53047,6970
53,L,007,53051,2616
53,L,007,53063,574
53,L,007,53065,5676
53,L,008,53005,3604
53,L,008,53021,1410
53,L,009,53001,2070
53,L,009,53003,1236
53,L,009,53013,1042
53,L,009,53021,1346
53,L,009,53023,884
53,L,009,53043,3898
53,L,009,53063,3234
53,L,009,53075,4970
53,L,010,53029,3460
53,L,010,53057,1520
53,L,010,53061,1656
53,L,011,53033,3464
53,L,012,53007,5680
53,L,012,53017,412
53,L,012,53033,2072
53,L,012,53061,1622
53,L,013,53025,5542
53,L,013,53037,5374
53,L,013,53077,1932
53,L,014,53039,3522
53,L,014,53077,6964
53,L,015,53001,1054
53,L,015,53005,604
53,L,015,53021,1762
53,L,015,53025,404
53,L,015,53077,4876
53,L,016,53005,4334
53,L,016,53021,48
53,L,016,53071,4628
53,L,017,53011,3868
53,L,017,53059,3144
53,L,018,53011,3488
53,L,019,53015,3278
53,L,019,53027,3048
53,L,019,53041,1918
53,L,019,53049,3378
53,L,019,53067,356
53,L,019,53069,908
53,L,020,53011,1714
53,L,020,53015,2126
53,L,020,53041,5110
53,L,020,53067,1002
53,L,021,53061,2176
53,L,022,53067,4796
53,L,023,53035,4830
53,L,024,53009,5688
53,L,024,53027,5442
53,L,024,53031,4120
53,L,025,53053,3052
53,L,026,53035,2730
53,L,026,53053,1644
53,L,027,53053,5884
53,L,028,53053,4584
53,L,029,53053,4024
53,L,030,53033,2720
53,L,031,53033,1628
53,L,031,53053,3714
53,L,032,53033,1638
53,L,032,53061,1354
53,L,033,53033,3570
53,L,034,53033,5240
53,L,035,53035,902
53,L,035,53045,3674
53,L,035,53067,2604
53,L,036,53033,4716
53,L,037,53033,4654
53,L,038,53061,4318
53,L,039,53057,2822
53,L,039,53061,3642
53,L,040,53055,1848
53,L,040,53057,2994
53,L,040,53073,2174
53,L,041,53033,3120
53,L,042,53073,8454
53,L,043,53033,3522
53,L,044,53061,3026
53,L,045,53033,3242
53,L,046,53033,3954
53,L,047,53033,2712
53,L,048,53033,2510
53,L,049,53011,4148
53,U,001,53033,1756
53,U,001,53061,976
53,U,002,53053,3466
53,U,002,53067,1560
53,U,003,53063,10870
53,U,004,53063,5478
53,U,005,53033,4854
53,U,006,53063,7222
53,U,007,53017,3716
53,U,007,53019,2472
53,U,007,53025,2148
53,U,007,53047,6970
53,U,007,53051,2616
53,U,007,53063,574
53,U,007,53065,5676
53,U,008,53005,3604
53,U,008,53021,1410
53,U,009,53001,2070
53,U,009,53003,1236
53,U,009,53013,1042
53,U,009,53021,1346
53,U,009,53023,884
53,U,009,53043,3898
53,U,009,53063,3234
53,U,009,53075,4970
53,U,010,53029,3460
53,U,010,53057,1520
53,U,010,53061,1656
53,U,011,53033,3464
53,U,012,53007,5680
53,U,012,53017,412
53,U,012,53033,2072
53,U,012,53061,1622
53,U,013,53025,5542
53,U,013,53037,5374
53,U,013,53077,1932
53,U,014,53039,3522
53,U,014,53077,6964
53,U,015,53001,1054
53,U,015,53005,604
53,U,015,53021,1762
53,U,015,53025,404
53,U,015,53077,4876
53,U,016,53005,4334
53,U,016,53021,48
53,U,016,53071,4628
53,U,017,53011,3868
53,U,017,53059,3144
53,U,018,53011,3488
53,U,019,53015,3278
53,U,019,53027,3048
53,U,019,53041,1918
53,U,019,53049,3378
53,U,019,53067,356
53,U,019,53069,908
53,U,020,53011,1714
53,U,020,53015,2126
53,U,020,53041,5110
53,U,020,53067,1002
53,U,021,53061,2176
53,U,022,53067,4796
53,U,023,53035,4830
53,U,024,53009,5688
53,U,024,53027,5442
53,U,024,53031,4120
53,U,025,53053,3052
53,U,026,53035,2730
53,U,026,53053,1644
53,U,027,53053,5884
53,U,028,53053,4584
53,U,029,53053,4024
53,U,030,53033,2720
53,U,031,53033,1628
53,U,031,53053,3714
53,U,032,53033,1638
53,U,032,53061,1354
53,U,033,53033,3570
53,U,034,53033,5240
53,U,035,53035,902
53,U,035,53045,3674
53,U,035,53067,2604
53,U,036,53033,4716
53,U,037,53033,4654
53,U,038,53061,4318
53,U,039,53057,2822
53,U,039,53061,3642
53,U,040,53055,1848
53,U,040,53057,2994
53,U,040,53073,2174
53,U,041,53033,3120
53,U,042,53073,8454
53,U,043,53033,3522
53,U,044,53061,3026
53,U,045,53033,3242
53,U,046,53033,3954
53,U,047,53033,2712
53,U,048,53033,2510
53,U,049,53011,4148
54,L,001,54009,84
54,L,001,54029,1126
54,L,002,54009,410
54,L,002,54029,726
54,L,003,54009,1010
54,L,003,54069,274
54,L,004,54069,1204
54,L,005,54069,1778
54,L,006,54051,1472
54,L,007,54051,964
54,L,007,54103,852
54,L,008,54017,1040
54,L,008,54095,774
54,L,008,54103,610
54,L,009,54073,1076
54,L,009,54085,1810
54,L,009,54095,552
54,L,010,54107,1146
54,L,011,54107,1170
54,L,012,54107,1380
54,L,013,54107,974
54,L,014,54105,192
54,L,014,54107,840
54,L,015,54087,1228
54,L,015,54105,738
54,L,016,54035,1736
54,L,017,54035,876
54,L,017,54053,1268
54,L,018,54053,2070
54,L,018,54079,136
54,L,019,54079,1344
54,L,020,54079,746
54,L,021,54079,1022
54,L,022,54011,956
54,L,023,54011,814
54,L,024,54011,1012
54,L,025,54011,1196
54,L,026,54011,730
54,L,027,54011,556
54,L,027,54099,906
54,L,028,54099,1046
54,L,029,54059,412
54,L,029,54099,978
54,L,030,54043,1636
54,L,031,54005,190
54,L,031,54043,134
54,L,031,54045,966
54,L,032,54005,2162
54,L,033,54045,2176
54,L,034,54047,20
54,L,034,54059,1236
54,L,035,54109,2040
54,L,036,54047,2826
54,L,037,54055,1612
54,L,038,54055,1074
54,L,039,54055,1018
54,L,040,54063,1022
54,L,040,54089,932
54,L,041,54055,246
54,L,041,54081,414
54,L,041,54089,706
54,L,042,54081,1308
54,L,043,54081,1062
54,L,043,54109,286
54,L,044,54081,1266
54,L,045,54019,540
54,L,045,54081,650
54,L,046,54025,1156
54,L,046,54075,616
54,L,047,54025,1726
54,L,047,54063,34
54,L,048,54025,482
54,L,048,54067,688
54,L,048,54101,1590
54,L,049,54067,1898
54,L,050,54019,1890
54,L,051,54019,1906
54,L,052,54019,90
54,L,052,54039,1870
54,L,053,54039,1130
54,L,054,54039,1442
54,L,055,54039,1410
54,L,056,54039,718
54,L,057,54039,1166
54,L,058,54039,1288
54,L,059,54039,694
54,L,060,54039,1076
54,L,061,54039,1346
54,L,062,54013,884
54,L,062,54015,1026
54,L,062,54021,652
54,L,063,54007,2012
54,L,063,54021,528
54,L,064,54041,1776
54,L,064,54097,240
54,L,065,54097,1428
54,L,066,54075,1020
54,L,066,54083,1490
54,L,067,54071,736
54,L,067,54083,1392
54,L,068,54001,1902
54,L,068,54097,276
54,L,069,54033,1054
54,L,069,54041,216
54,L,070,54033,1386
54,L,071,54033,1280
54,L,072,54033,1260
54,L,072,54103,506
54,L,073,54049,78
54,L,073,54091,1506
54,L,074,54049,1384
54,L,075,54049,1288
54,L,076,54049,1528
54,L,077,54061,1516
54,L,077,54103,48
54,L,078,54061,754
54,L,079,54061,920
54,L,080,54061,1062
54,L,081,54061,612
54,L,082,54061,680
54,L,083,54077,1614
54,L,084,54077,2266
54,L,085,54023,1286
54,L,085,54093,1392
54,L,086,54031,1716
54,L,086,54071,616
54,L,087,54057,1146
54,L,088,54027,856
54,L,088,54057,866
54,L,089,54027,1410
54,L,089,54065,446
54,L,090,54003,166
54,L,090,54065,824
54,L,091,54003,440
54,L,092,54003,678
54,L,093,54003,710
54,L,094,54003,528
54,L,095,54003,458
54,L,096,54003,540
54,L,097,54003,366
54,L,097,54037,238
54,L,098,54037,988
54,L,099,54037,938
54,L,100,54037,1216
54,U,001,54009,1504
54,U,001,54029,1852
54,U,001,54051,744
54,U,001,54069,3256
54,U,002,54017,1040
54,U,002,54049,1734
54,U,002,54051,1692
54,U,002,54061,1976
54,U,002,54095,1326
54,U,002,54103,2016
54,U,003,54073,1076
54,U,003,54085,1810
54,U,003,54105,928
54,U,003,54107,5510
54,U,004,54011,1024
54,U,004,54035,1876
54,U,004,54053,3338
54,U,004,54079,2030
54,U,005,54011,4240
54,U,005,54099,2290
54,U,006,54047,2846
54,U,006,54055,3950
54,U,006,54059,1648
54,U,006,54099,640
54,U,007,54005,2352
54,U,007,54039,2002
54,U,007,54043,1770
54,U,007,54045,3142
54,U,008,54015,1026
54,U,008,54035,736
54,U,008,54039,3414
54,U,008,54079,1218
54,U,008,54087,1228
54,U,008,54105,2
54,U,009,54019,1404
54,U,009,54081,4700
54,U,009,54109,2326
54,U,010,54019,3022
54,U,010,54025,3364
54,U,010,54063,1056
54,U,010,54067,2586
54,U,010,54089,1638
54,U,011,54001,1902
54,U,011,54007,2012
54,U,011,54071,1352
54,U,011,54075,1636
54,U,011,54083,2882
54,U,011,54097,1944
54,U,011,54101,1590
54,U,012,54013,884
54,U,012,54021,1180
54,U,012,54033,4980
54,U,012,54041,1992
54,U,012,54091,636
54,U,013,54049,2544
54,U,013,54061,3568
54,U,014,54023,1286
54,U,014,54031,1716
54,U,014,54057,2012
54,U,014,54077,3880
54,U,014,54091,870
54,U,014,54093,1392
54,U,015,54003,2160
54,U,015,54027,2266
54,U,015,54065,1270
54,U,016,54003,1726
54,U,016,54037,3380
54,U,017,54039,6724
55,L,001,55009,536
55,L,001,55029,3272
55,L,001,55061,2032
55,L,002,55009,1724
55,L,002,55071,1734
55,L,002,55087,20
55,L,003,55015,1934
55,L,003,55071,144
55,L,003,55087,882
55,L,004,55009,2042
55,L,004,55087,2
55,L,005,55009,596
55,L,005,55087,2302
55,L,006,55009,354
55,L,006,55083,8
55,L,006,55087,1692
55,L,006,55115,3414
55,L,006,55135,200
55,L,007,55079,1878
55,L,008,55079,1270
55,L,009,55079,1232
55,L,010,55079,1800
55,L,011,55079,1438
55,L,012,55079,1334
55,L,013,55079,154
55,L,013,55133,2242
55,L,014,55079,1948
55,L,015,55079,358
55,L,015,55133,1526
55,L,016,55079,1924
55,L,017,55079,1936
55,L,018,55079,1660
55,L,019,55079,1236
55,L,020,55079,1684
55,L,021,55079,1480
55,L,022,55131,592
55,L,022,55133,1684
55,L,023,55079,1298
55,L,023,55089,706
55,L,024,55089,928
55,L,024,55131,652
55,L,024,55133,604
55,L,025,55015,424
55,L,025,55071,4078
55,L,026,55117,3738
55,L,027,55015,30
55,L,027,55071,576
55,L,027,55117,3576
55,L,028,55095,4494
55,L,028,55109,800
55,L,029,55033,3410
55,L,029,55095,202
55,L,029,55109,1680
55,L,030,55093,168
55,L,030,55109,2904
55,L,031,55105,1614
55,L,031,55127,2286
55,L,032,55059,270
55,L,032,55127,4306
55,L,033,55055,2980
55,L,033,55105,1176
55,L,034,55085,5390
55,L,034,55125,4564
55,L,035,55067,2666
55,L,035,55069,3730
55,L,035,55073,242
55,L,035,55083,1230
55,L,035,55085,192
55,L,035,55115,642
55,L,036,55037,966
55,L,036,55041,2504
55,L,036,55075,4296
55,L,036,55078,1872
55,L,036,55083,1780
55,L,036,55115,810
55,L,037,55021,568
55,L,037,55025,978
55,L,037,55027,2092
55,L,037,55055,740
55,L,038,55025,932
55,L,038,55055,2770
55,L,038,55133,726
55,L,039,55021,838
55,L,039,55027,4502
55,L,040,55087,350
55,L,040,55115,14
55,L,040,55135,5554
55,L,040,55137,850
55,L,041,55001,2112
55,L,041,55021,1214
55,L,041,55047,1392
55,L,041,55057,12
55,L,041,55077,1782
55,L,041,55111,770
55,L,041,55137,110
55,L,042,55021,3086
55,L,042,55027,818
55,L,042,55039,930
55,L,042,55047,1056
55,L,042,55077,484
55,L,043,55025,2126
55,L,043,55045,28
55,L,043,55105,1594
55,L,044,55105,2704
55,L,045,55045,1826
55,L,045,55105,2630
55,L,046,55025,2472
55,L,047,55025,2358
55,L,048,55025,2054
55,L,049,55043,6706
55,L,049,55049,40
55,L,049,55065,266
55,L,049,55103,1524
55,L,049,55123,34
55,L,050,55057,4452
55,L,050,55103,996
55,L,050,55111,2396
55,L,050,55123,338
55,L,051,55045,2024
55,L,051,55049,2516
55,L,051,55065,3068
55,L,051,55103,524
55,L,051,55111,1186
55,L,052,55039,3528
55,L,053,55027,274
55,L,053,55039,1182
55,L,053,55139,2894
55,L,054,55139,2192
55,L,055,55087,292
55,L,055,55139,2548
55,L,056,55087,2082
55,L,057,55087,1676
55,L,057,55139,1046
55,L,058,55131,2156
55,L,059,55015,1080
55,L,059,55027,20
55,L,059,55039,1462
55,L,059,55117,782
55,L,059,55131,1282
55,L,060,55089,2202
55,L,060,55131,528
55,L,061,55059,3128
55,L,062,55101,2104
55,L,063,55101,2508
55,L,063,55127,8
55,L,064,55059,1696
55,L,064,55101,432
55,L,065,55059,2230
55,L,066,55101,2112
55,L,067,55005,18
55,L,067,55017,5306
55,L,067,55033,512
55,L,067,55035,454
55,L,068,55017,956
55,L,068,55019,2798
55,L,068,55035,2464
55,L,069,55019,2738
55,L,069,55053,1040
55,L,069,55073,1476
55,L,069,55141,1306
55,L,070,55053,626
55,L,070,55063,202
55,L,070,55081,2906
55,L,070,55097,1306
55,L,070,55141,2226
55,L,071,55097,5360
55,L,072,55001,1400
55,L,072,55097,192
55,L,072,55137,2184
55,L,072,55141,2964
55,L,073,55013,3204
55,L,073,55031,4836
55,L,073,55129,1374
55,L,074,55003,3062
55,L,074,55007,3760
55,L,074,55031,1774
55,L,074,55051,1886
55,L,074,55099,3004
55,L,074,55113,424
55,L,075,55005,5408
55,L,075,55095,30
55,L,075,55129,2514
55,L,076,55025,972
55,L,077,55025,1784
55,L,078,55025,1574
55,L,079,55025,1980
55,L,080,55025,2880
55,L,080,55045,492
55,L,080,55049,328
55,L,081,55021,478
55,L,081,55025,1812
55,L,081,55049,770
55,L,081,55111,2276
55,L,082,55079,1136
55,L,082,55133,306
55,L,083,55101,320
55,L,083,55127,670
55,L,083,55133,1742
55,L,084,55079,1586
55,L,085,55073,4084
55,L,086,55073,3792
55,L,086,55141,478
55,L,087,55073,1000
55,L,087,55107,3138
55,L,087,55113,3556
55,L,087,55119,2872
55,L,088,55009,2030
55,L,089,55009,638
55,L,089,55075,2262
55,L,089,55083,1686
55,L,090,55009,2096
55,L,091,55035,2656
55,L,092,55011,2778
55,L,092,55035,290
55,L,092,55053,2168
55,L,092,55091,504
55,L,092,55121,4520
55,L,093,55033,1050
55,L,093,55035,788
55,L,093,55091,600
55,L,093,55093,3374
55,L,093,55109,14
55,L,094,55063,3658
55,L,095,55063,3182
55,L,096,55023,3080
55,L,096,55081,2474
55,L,096,55123,3674
55,L,097,55133,2826
55,L,098,55133,2126
55,L,099,55055,6
55,L,099,55133,2812
55,L,ZZZ,55003,114
55,L,ZZZ,55007,122
55,L,ZZZ,55009,34
55,L,ZZZ,55015,12
55,L,ZZZ,55029,302
55,L,ZZZ,55031,20
55,L,ZZZ,55039,32
55,L,ZZZ,55051,8
55,L,ZZZ,55059,46
55,L,ZZZ,55061,18
55,L,ZZZ,55071,52
55,L,ZZZ,55075,22
55,L,ZZZ,55079,96
55,L,ZZZ,55083,38
55,L,ZZZ,55089,8
55,L,ZZZ,55101,46
55,L,ZZZ,55117,30
55,L,ZZZ,55139,56
55,U,001,55009,2260
55,U,001,55015,1934
55,U,001,55029,3272
55,U,001,55061,2032
55,U,001,55071,1878
55,U,001,55087,902
55,U,002,55009,2992
55,U,002,55083,8
55,U,002,55087,3996
55,U,002,55115,3414
55,U,002,55135,200
55,U,003,55079,4380
55,U,004,55079,4572
55,U,005,55079,2460
55,U,005,55133,3768
55,U,006,55079,5520
55,U,007,55079,4400
55,U,008,55079,1298
55,U,008,55089,1634
55,U,008,55131,1244
55,U,008,55133,2288
55,U,009,55015,454
55,U,009,55071,4654
55,U,009,55117,7314
55,U,010,55033,3410
55,U,010,55093,168
55,U,010,55095,4696
55,U,010,55109,5384
55,U,011,55055,2980
55,U,011,55059,270
55,U,011,55105,2790
55,U,011,55127,6592
55,U,012,55037,966
55,U,012,55041,2504
55,U,012,55067,2666
55,U,012,55069,3730
55,U,012,55073,242
55,U,012,55075,4296
55,U,012,55078,1872
55,U,012,55083,3010
55,U,012,55085,5582
55,U,012,55115,1452
55,U,012,55125,4564
55,U,013,55021,1406
55,U,013,55025,1910
55,U,013,55027,6594
55,U,013,55055,3510
55,U,013,55133,726
55,U,014,55001,2112
55,U,014,55021,4300
55,U,014,55027,818
55,U,014,55039,930
55,U,014,55047,2448
55,U,014,55057,12
55,U,014,55077,2266
55,U,014,55087,350
55,U,014,55111,770
55,U,014,55115,14
55,U,014,55135,5554
55,U,014,55137,960
55,U,015,55025,2126
55,U,015,55045,1854
55,U,015,55105,6928
55,U,016,55025,6884
55,U,017,55043,6706
55,U,017,55045,2024
55,U,017,55049,2556
55,U,017,55057,4452
55,U,017,55065,3334
55,U,017,55103,3044
55,U,017,55111,3582
55,U,017,55123,372
55,U,018,55027,274
55,U,018,55039,4710
55,U,018,55139,5086
55,U,019,55087,4050
55,U,019,55139,3594
55,U,020,55015,1080
55,U,020,55027,20
55,U,020,55039,1462
55,U,020,55089,2202
55,U,020,55117,782
55,U,020,55131,3966
55,U,021,55059,3128
55,U,021,55101,4612
55,U,021,55127,8
55,U,022,55059,3926
55,U,022,55101,2544
55,U,023,55005,18
55,U,023,55017,6262
55,U,023,55019,5536
55,U,023,55033,512
55,U,023,55035,2918
55,U,023,55053,1040
55,U,023,55073,1476
55,U,023,55141,1306
55,U,024,55001,1400
55,U,024,55053,626
55,U,024,55063,202
55,U,024,55081,2906
55,U,024,55097,6858
55,U,024,55137,2184
55,U,024,55141,5190
55,U,025,55003,3062
55,U,025,55005,5408
55,U,025,55007,3760
55,U,025,55013,3204
55,U,025,55031,6610
55,U,025,55051,1886
55,U,025,55095,30
55,U,025,55099,3004
55,U,025,55113,424
55,U,025,55129,3888
55,U,026,55025,4330
55,U,027,55021,478
55,U,027,55025,6672
55,U,027,55045,492
55,U,027,55049,1098
55,U,027,55111,2276
55,U,028,55079,2722
55,U,028,55101,320
55,U,028,55127,670
55,U,028,55133,2048
55,U,029,55073,8876
55,U,029,55107,3138
55,U,029,55113,3556
55,U,029,55119,2872
55,U,029,55141,478
55,U,030,55009,4764
55,U,030,55075,2262
55,U,030,55083,1686
55,U,031,55011,2778
55,U,031,55033,1050
55,U,031,55035,3734
55,U,031,55053,2168
55,U,031,55091,1104
55,U,031,55093,3374
55,U,031,55109,14
55,U,031,55121,4520
55,U,032,55023,3080
55,U,032,55063,6840
55,U,032,55081,2474
55,U,032,55123,3674
55,U,033,55055,6
55,U,033,55133,7764
55,U,ZZZ,55003,114
55,U,ZZZ,55007,122
55,U,ZZZ,55009,34
55,U,ZZZ,55015,12
55,U,ZZZ,55029,302
55,U,ZZZ,55031,20
55,U,ZZZ,55039,32
55,U,ZZZ,55051,8
55,U,ZZZ,55059,46
55,U,ZZZ,55061,18
55,U,ZZZ,55071,52
55,U,ZZZ,55075,22
55,U,ZZZ,55079,96
55,U,ZZZ,55083,38
55,U,ZZZ,55089,8
55,U,ZZZ,55101,46
55,U,ZZZ,55117,30
55,U,ZZZ,55139,56
56,L,001,56011,3694
56,L,001,56045,1470
56,L,002,56015,736
56,L,002,56027,2552
56,L,002,56045,1182
56,L,003,56005,1928
56,L,004,56021,390
56,L,004,56031,3416
56,L,005,56015,2606
56,L,006,56009,2350
56,L,007,56021,434
56,L,008,56021,518
56,L,009,56021,378
56,L,010,56021,1534
56,L,011,56021,976
56,L,012,56021,322
56,L,013,56001,328
56,L,014,56001,2508
56,L,015,56007,3040
56,L,015,56037,76
56,L,016,56039,360
56,L,017,56037,496
56,L,018,56023,2564
56,L,018,56037,1708
56,L,018,56041,478
56,L,019,56041,1916
56,L,020,56023,538
56,L,020,56035,3110
56,L,021,56023,858
56,L,022,56023,832
56,L,022,56039,480
56,L,023,56039,1688
56,L,024,56029,1376
56,L,025,56029,974
56,L,026,56003,2440
56,L,026,56029,454
56,L,027,56003,802
56,L,027,56043,2270
56,L,028,56003,772
56,L,028,56013,1034
56,L,028,56017,1444
56,L,028,56029,942
56,L,029,56033,1048
56,L,030,56033,1172
56,L,031,56005,496
56,L,032,56005,288
56,L,033,56013,2004
56,L,034,56013,3952
56,L,035,56025,434
56,L,036,56025,726
56,L,037,56025,652
56,L,038,56025,2634
56,L,039,56037,414
56,L,040,56019,3660
56,L,040,56033,532
56,L,041,56021,602
56,L,042,56021,1188
56,L,043,56021,536
56,L,044,56021,594
56,L,045,56001,770
56,L,046,56001,2606
56,L,047,56007,5946
56,L,047,56037,4308
56,L,048,56037,558
56,L,049,56041,560
56,L,050,56029,1708
56,L,051,56033,1438
56,L,052,56005,1198
56,L,053,56005,644
56,L,054,56013,684
56,L,055,56013,730
56,L,056,56025,958
56,L,057,56025,606
56,L,058,56025,1792
56,L,059,56025,954
56,L,060,56037,370
56,L,061,56021,480
56,L,062,56009,1308
56,L,062,56025,1014
56,U,001,56005,1198
56,U,001,56011,3694
56,U,001,56045,1470
56,U,002,56009,3658
56,U,002,56025,1014
56,U,003,56015,3342
56,U,003,56027,2552
56,U,003,56045,1182
56,U,004,56021,952
56,U,005,56021,1510
56,U,006,56021,1924
56,U,006,56031,3416
56,U,007,56021,980
56,U,008,56021,1570
56,U,009,56001,1098
56,U,010,56001,5114
56,U,011,56007,8986
56,U,011,56037,4384
56,U,012,56037,1054
56,U,013,56037,784
56,U,014,56023,3102
56,U,014,56035,3110
56,U,014,56037,1708
56,U,014,56041,478
56,U,015,56041,2476
56,U,016,56023,1690
56,U,016,56039,480
56,U,017,56039,2048
56,U,018,56029,3084
56,U,019,56003,2440
56,U,019,56029,1428
56,U,020,56003,1574
56,U,020,56013,1034
56,U,020,56017,1444
56,U,020,56029,942
56,U,020,56043,2270
56,U,021,56033,2684
56,U,022,56019,3660
56,U,022,56033,1506
56,U,023,56005,2424
56,U,024,56005,932
56,U,025,56013,2688
56,U,026,56013,4682
56,U,027,56025,1160
56,U,028,56025,1564
56,U,029,56025,1606
56,U,030,56025,4426
56,U,031,56021,1016
72,L,001,72127,2138
72,L,002,72127,1986
72,L,003,72127,1552
72,L,004,72127,1728
72,L,005,72007,606
72,L,005,72061,730
72,L,005,72127,304
72,L,006,72021,178
72,L,006,72033,198
72,L,006,72061,1090
72,L,007,72021,1826
72,L,007,72033,2
72,L,007,72061,2
72,L,008,72021,1736
72,L,009,72021,334
72,L,009,72135,1026
72,L,010,72021,18
72,L,010,72033,50
72,L,010,72137,1626
72,L,011,72051,740
72,L,011,72143,590
72,L,011,72145,530
72,L,012,72091,172
72,L,012,72101,710
72,L,012,72143,148
72,L,012,72145,792
72,L,013,72013,398
72,L,013,72017,592
72,L,013,72054,240
72,L,013,72091,768
72,L,014,72013,1940
72,L,014,72065,270
72,L,015,72027,606
72,L,015,72065,482
72,L,015,72115,504
72,L,016,72005,74
72,L,016,72071,894
72,L,016,72131,1068
72,L,017,72005,1250
72,L,017,72099,614
72,L,018,72003,788
72,L,018,72011,704
72,L,018,72097,10
72,L,018,72099,84
72,L,018,72117,332
72,L,019,72097,2320
72,L,019,72125,408
72,L,020,72023,1304
72,L,020,72067,502
72,L,020,72125,832
72,L,021,72055,748
72,L,021,72079,934
72,L,021,72083,444
72,L,021,72093,324
72,L,021,72121,820
72,L,021,72153,398
72,L,022,72001,246
72,L,022,72039,420
72,L,022,72073,278
72,L,022,72081,714
72,L,022,72141,1328
72,L,023,72001,748
72,L,023,72059,666
72,L,023,72111,712
72,L,023,72113,168
72,L,023,72153,794
72,L,024,72113,2964
72,L,025,72073,300
72,L,025,72075,972
72,L,025,72113,1578
72,L,026,72019,476
72,L,026,72043,356
72,L,026,72047,156
72,L,026,72107,714
72,L,026,72149,756
72,L,027,72009,724
72,L,027,72043,676
72,L,027,72075,344
72,L,027,72133,552
72,L,028,72019,98
72,L,028,72045,332
72,L,028,72047,550
72,L,028,72105,504
72,L,029,72035,1398
72,L,029,72041,626
72,L,030,72015,672
72,L,030,72057,1302
72,L,030,72123,1104
72,L,030,72133,206
72,L,031,72025,1000
72,L,031,72063,782
72,L,032,72025,2072
72,L,033,72063,62
72,L,033,72077,914
72,L,033,72085,458
72,L,033,72129,224
72,L,034,72095,268
72,L,034,72109,652
72,L,034,72129,336
72,L,034,72151,566
72,L,035,72069,682
72,L,035,72085,170
72,L,035,72103,376
72,L,036,72037,624
72,L,036,72049,136
72,L,036,72053,1206
72,L,036,72089,624
72,L,036,72119,258
72,L,036,72147,424
72,L,037,72029,476
72,L,037,72087,476
72,L,037,72119,1002
72,L,038,72029,570
72,L,038,72031,494
72,L,038,72139,538
72,L,039,72031,858
72,L,039,72139,516
72,L,040,72031,1396
72,L,ZZZ,72003,12
72,L,ZZZ,72005,24
72,L,ZZZ,72011,8
72,L,ZZZ,72013,20
72,L,ZZZ,72015,18
72,L,ZZZ,72017,4
72,L,ZZZ,72023,68
72,L,ZZZ,72027,14
72,L,ZZZ,72031,20
72,L,ZZZ,72033,8
72,L,ZZZ,72037,16
72,L,ZZZ,72049,10
72,L,ZZZ,72051,4
72,L,ZZZ,72053,4
72,L,ZZZ,72055,44
72,L,ZZZ,72057,24
72,L,ZZZ,72059,34
72,L,ZZZ,72065,12
72,L,ZZZ,72069,26
72,L,ZZZ,72071,22
72,L,ZZZ,72075,20
72,L,ZZZ,72079,30
72,L,ZZZ,72087,20
72,L,ZZZ,72089,2
72,L,ZZZ,72091,24
72,L,ZZZ,72095,14
72,L,ZZZ,72097,36
72,L,ZZZ,72103,48
72,L,ZZZ,72109,16
72,L,ZZZ,72111,42
72,L,ZZZ,72113,30
72,L,ZZZ,72115,6
72,L,ZZZ,72117,24
72,L,ZZZ,72119,6
72,L,ZZZ,72123,36
72,L,ZZZ,72127,64
72,L,ZZZ,72133,54
72,L,ZZZ,72137,26
72,L,ZZZ,72143,2
72,L,ZZZ,72145,2
72,L,ZZZ,72147,6
72,L,ZZZ,72151,14
72,L,ZZZ,72153,2
72,U,001,72007,606
72,U,001,72061,730
72,U,001,72127,7708
72,U,002,72021,4092
72,U,002,72033,250
72,U,002,72061,1092
72,U,002,72135,1026
72,U,002,72137,1626
72,U,003,72013,2338
72,U,003,72017,592
72,U,003,72027,606
72,U,003,72051,740
72,U,003,72054,240
72,U,003,72065,752
72,U,003,72091,940
72,U,003,72101,710
72,U,003,72115,504
72,U,003,72143,738
72,U,003,72145,1322
72,U,004,72003,788
72,U,004,72005,1324
72,U,004,72011,704
72,U,004,72023,1304
72,U,004,72067,502
72,U,004,72071,894
72,U,004,72097,2330
72,U,004,72099,698
72,U,004,72117,332
72,U,004,72125,1240
72,U,004,72131,1068
72,U,005,72001,994
72,U,005,72039,420
72,U,005,72055,748
72,U,005,72059,666
72,U,005,72073,578
72,U,005,72075,972
72,U,005,72079,934
72,U,005,72081,714
72,U,005,72083,444
72,U,005,72093,324
72,U,005,72111,712
72,U,005,72113,4710
72,U,005,72121,820
72,U,005,72141,1328
72,U,005,72153,1192
72,U,006,72009,724
72,U,006,72015,672
72,U,006,72019,574
72,U,006,72035,1398
72,U,006,72041,626
72,U,006,72043,1032
72,U,006,72045,332
72,U,006,72047,706
72,U,006,72057,1302
72,U,006,72075,344
72,U,006,72105,504
72,U,006,72107,714
72,U,006,72123,1104
72,U,006,72133,758
72,U,006,72149,756
72,U,007,72025,3072
72,U,007,72063,844
72,U,007,72069,682
72,U,007,72077,914
72,U,007,72085,628
72,U,007,72095,268
72,U,007,72103,376
72,U,007,72109,652
72,U,007,72129,560
72,U,007,72151,566
72,U,008,72029,1046
72,U,008,72031,2748
72,U,008,72037,624
72,U,008,72049,136
72,U,008,72053,1206
72,U,008,72087,476
72,U,008,72089,624
72,U,008,72119,1260
72,U,008,72139,1054
72,U,008,72147,424
72,U,ZZZ,72003,12
72,U,ZZZ,72005,24
72,U,ZZZ,72011,8
72,U,ZZZ,72013,20
72,U,ZZZ,72015,18
72,U,ZZZ,72017,4
72,U,ZZZ,72023,68
72,U,ZZZ,72027,14
72,U,ZZZ,72031,20
72,U,ZZZ,72033,8
72,U,ZZZ,72037,16
72,U,ZZZ,72049,10
72,U,ZZZ,72051,4
72,U,ZZZ,72053,4
72,U,ZZZ,72055,44
72,U,ZZZ,72057,24
72,U,ZZZ,72059,34
72,U,ZZZ,72065,12
72,U,ZZZ,72069,26
72,U,ZZZ,72071,22
72,U,ZZZ,72075,20
72,U,ZZZ,72079,30
72,U,ZZZ,72087,20
72,U,ZZZ,72089,2
72,U,ZZZ,72091,24
72,U,ZZZ,72095,14
72,U,ZZZ,72097,36
72,U,ZZZ,72103,48
72,U,ZZZ,72109,16
72,U,ZZZ,72111,42
72,U,ZZZ,72113,30
72,U,ZZZ,72115,6
72,U,ZZZ,72117,24
72,U,ZZZ,72119,6
72,U,ZZZ,72123,36
72,U,ZZZ,72127,64
72,U,ZZZ,72133,54
72,U,ZZZ,72137,26
72,U,ZZZ,72143,2
72,U,ZZZ,72145,2
72,U,ZZZ,72147,6
72,U,ZZZ,72151,14
72,U,ZZZ,72153,2
